289
63
70
77
68
64
67
67
62
60
66
59
61
58
62
64
67
60
62
62
61
62
56
62
65
65
61
63
58
60
61
56
60
61
61
61
59
59
64
61
60
61
59
58
71
66
62
80
79
81
80
81
11
2
85
77
87
81
79
74
79
92
94
87
87
73
80
79
73
65
19
8
73
70
70
73
79
73
60
57
63
70
70
76
77
69
61
59
62
16
0
67
67
62
65
71
68
68
71
10
2
96
88
87
94
81
70
73
80
80
77
76
79
82
84
86
83
78
76
81
68
70
68
75
73
73
68
64
69
76
78
85
87
66
60
75
60
63
68
64
74
74
37
86
84
67
64
65
64
65
63
65
73
72
68
65
65
66
72
79
71
64
100
77
83
70
63
63
69
73
69
12
5
422
16
3
86
90
78
62
62
36
89
91
78
84
77
73
77
76
73