0	0	0	0	0	0	0	0	0	0	0	0	0	0	0	0	0	0	0	0	0	0	0	0	0	0	0	0
235	104	193	0	5	158	0	0	0	158	0	0	0	0	0	0	0	0	0	0	0	0	0	0	0	0	0	0
238	104	197	220	4	160	171	63	121	157	5	345	61	215	121	176	167	95	0	295	214	304	38	201	110	161	301	164
223	89	183	217	3	167	164	61	122	160	3	340	62	218	116	182	166	93	1	283	208	300	38	204	116	151	294	154
217	72	177	212	2	169	156	54	126	159	3	334	57	214	118	169	167	85	1	275	199	304	38	196	118	151	283	151
222	67	172	210	3	171	151	50	121	145	2	337	59	207	119	156	166	88	0	275	204	299	34	189	109	158	286	157
227	65	165	206	3	169	166	49	119	146	3	344	59	197	120	156	151	90	0	273	204	297	36	187	109	163	282	156
219	59	155	205	4	168	161	49	111	151	3	343	61	199	126	157	147	95	0	286	208	293	36	190	112	176	277	152
221	57	153	206	4	166	165	44	112	152	1	339	53	201	128	167	146	93	0	301	202	292	35	195	116	174	272	150
230	59	154	204	3	162	160	42	110	152	4	333	46	208	128	168	152	89	1	293	197	294	35	195	110	179	271	148
234	66	148	198	3	141	161	43	111	156	4	326	44	211	130	168	154	89	0	302	201	292	35	198	109	174	273	140
232	66	149	198	3	135	167	41	112	156	3	332	48	213	130	163	161	92	0	290	200	295	29	199	109	172	271	143
229	68	149	195	4	141	162	37	90	156	3	338	55	212	133	161	163	96	1	276	203	299	28	202	115	175	276	148
236	75	152	194	4	148	158	37	70	152	4	337	62	191	131	171	160	93	1	286	200	299	33	207	115	174	268	136
236	77	161	197	3	148	156	38	67	143	5	337	58	189	124	171	159	95	1	274	194	297	39	207	117	185	272	131
222	70	163	195	2	150	156	32	65	142	3	331	62	198	121	177	160	92	1	281	197	302	37	207	116	184	272	130
205	61	153	197	3	147	151	30	69	133	3	332	64	200	123	173	164	95	1	291	196	303	32	205	121	177	278	132
208	59	151	200	4	149	147	30	71	127	3	339	69	207	126	170	167	96	0	273	203	310	32	207	130	178	274	134
214	57	155	198	3	153	146	31	75	130	3	338	66	209	126	171	165	99	1	289	205	307	39	206	133	184	276	131
227	58	162	198	3	153	146	32	73	137	1	340	68	209	129	178	167	93	1	295	206	303	40	209	134	193	273	129
221	61	165	193	4	144	145	33	67	146	2	329	73	210	126	180	165	91	0	282	203	297	37	211	132	187	277	127
216	55	167	187	4	143	144	32	60	154	2	323	75	204	126	171	168	93	0	289	198	298	39	209	136	185	274	118
216	51	170	183	5	142	144	32	63	143	2	323	69	203	130	168	170	98	1	278	202	294	39	209	137	186	279	109
209	55	164	178	6	146	149	31	62	135	3	319	53	207	130	163	171	98	0	267	206	299	46	210	142	183	273	112
213	56	154	179	4	151	148	32	58	140	3	323	42	212	126	171	169	96	1	264	205	305	47	214	138	187	277	115
216	58	149	182	5	155	147	33	55	143	2	318	37	210	120	170	166	90	0	256	203	304	48	217	139	185	269	114
217	59	152	181	6	151	148	31	54	151	2	318	33	214	117	165	171	85	0	266	198	305	44	215	144	190	268	120
212	61	165	185	6	152	151	32	59	151	2	318	39	217	116	170	174	87	1	273	200	299	48	217	146	187	271	119
218	44	173	184	5	153	142	31	59	144	3	325	47	214	115	177	174	87	1	267	200	297	51	216	145	193	274	115
219	40	172	182	6	159	137	33	56	141	3	331	53	213	119	178	172	88	0	281	199	294	48	219	144	200	271	119
214	44	177	176	5	159	136	31	48	144	2	326	53	218	125	174	170	82	1	280	197	296	41	223	150	192	271	121
208	48	170	168	6	158	142	29	50	141	2	323	57	218	126	171	175	84	1	270	194	303	40	223	150	193	265	124
212	49	162	164	6	159	142	29	50	144	2	322	63	220	125	179	175	86	1	278	196	301	45	224	152	195	266	121
219	54	162	166	7	165	141	30	46	148	3	322	61	226	120	177	180	88	0	263	194	300	46	222	147	203	271	123
220	53	168	168	6	167	142	30	42	146	3	319	63	230	121	184	180	84	0	268	201	299	47	223	150	200	276	117
215	53	174	164	7	163	147	30	43	141	3	313	64	231	126	175	176	83	0	282	201	306	45	224	149	188	278	113
215	59	170	162	6	159	149	28	45	139	3	314	69	233	128	166	180	84	1	277	196	305	46	228	151	176	269	105
212	60	176	160	7	161	143	29	47	140	3	315	71	231	130	171	179	88	0	284	197	302	49	230	147	181	270	104
212	61	175	166	7	166	138	30	45	140	3	324	69	232	123	173	183	85	0	278	194	301	50	228	150	188	267	108
208	63	160	171	8	166	138	32	47	137	3	331	71	235	123	175	184	86	0	270	195	295	49	227	153	184	270	103
216	66	155	173	7	164	143	31	52	136	4	322	76	238	123	169	181	80	1	274	191	299	51	228	153	178	264	105
219	61	160	174	6	166	140	28	57	141	5	321	74	242	126	172	183	74	1	270	186	305	55	229	149	182	267	106
219	65	171	174	7	173	138	29	50	143	5	319	72	247	129	180	185	69	1	283	187	300	50	234	149	192	263	108
211	68	176	175	7	174	140	27	49	148	5	327	61	249	128	178	190	73	0	296	185	302	46	236	148	192	267	102
199	67	172	175	8	178	146	28	50	149	7	332	60	252	131	174	189	74	1	293	192	300	50	234	148	195	263	101
197	69	178	171	6	173	146	28	50	140	8	325	59	249	132	175	191	79	0	294	198	303	50	236	146	194	270	103
201	74	177	170	7	173	136	26	50	139	9	327	55	251	136	181	187	76	0	276	187	301	51	235	152	199	270	102
201	71	170	167	7	161	135	28	47	138	7	326	42	256	137	187	190	78	0	275	187	300	53	239	151	203	275	84
209	71	164	164	7	157	136	29	48	142	6	334	36	256	135	180	196	75	0	270	185	300	57	242	149	201	268	81
212	75	161	161	6	156	140	29	48	146	6	337	36	262	131	179	197	78	1	274	190	304	46	244	145	195	271	77
213	72	170	163	6	161	140	29	50	149	6	330	42	264	127	178	196	74	1	288	196	303	39	242	152	191	271	81
208	76	169	165	6	165	144	27	48	148	5	331	48	262	129	187	193	73	0	288	197	307	41	242	151	172	277	88
210	78	168	161	8	162	143	28	45	153	4	330	57	266	128	188	192	67	1	285	189	312	42	246	152	178	269	94
211	78	173	162	7	159	142	30	48	152	5	338	57	264	129	179	193	68	0	293	183	310	48	248	151	178	269	94
218	81	173	158	7	162	144	28	45	154	5	341	59	265	126	177	198	66	1	279	189	311	46	249	160	186	273	94
214	86	179	157	7	166	141	29	39	159	5	335	63	270	128	182	198	65	0	271	189	297	41	246	155	186	276	102
214	85	185	161	7	172	134	27	40	162	5	337	67	269	132	179	194	63	1	278	196	299	41	249	155	197	265	102
215	89	187	161	8	175	132	28	40	160	6	333	60	276	134	178	195	66	0	265	193	293	46	253	151	198	262	98
219	90	188	161	7	178	134	30	45	164	7	339	54	276	135	174	197	61	0	270	188	296	51	251	157	206	269	100
222	90	185	158	7	178	133	26	43	157	7	346	56	272	134	179	202	58	0	275	194	296	43	252	162	197	263	99
217	90	184	157	7	182	136	27	46	156	8	345	63	271	133	177	204	57	0	269	192	304	39	251	165	199	262	99
219	96	187	160	8	184	135	26	42	159	7	348	63	267	131	186	202	62	0	278	192	302	40	257	160	194	265	101
221	92	175	159	7	183	141	27	42	164	8	341	68	263	135	186	201	62	0	265	183	304	47	256	161	213	274	101
219	94	157	159	6	181	136	23	37	153	9	328	68	266	134	177	185	52	1	253	176	296	49	259	161	201	261	104
195	92	155	148	7	173	125	19	35	134	9	328	67	268	133	174	161	47	0	248	160	291	43	253	145	194	259	97
188	91	153	143	7	167	125	17	35	131	3	318	65	270	135	174	161	49	1	257	162	289	37	243	139	188	265	90
184	91	149	145	6	162	125	17	39	128	5	316	66	269	134	179	145	50	1	250	164	289	36	236	136	196	268	91
188	93	142	147	5	161	125	18	36	128	6	299	63	267	137	179	136	53	0	259	157	270	33	225	137	204	268	92
189	85	129	147	5	163	124	18	36	129	4	293	61	270	135	179	133	52	0	259	152	264	32	223	141	210	264	90
185	83	124	147	6	164	124	18	35	125	3	287	52	275	138	178	120	52	0	259	157	271	34	220	142	204	271	94
178	89	116	146	6	168	126	20	38	127	3	279	53	275	138	173	122	50	0	260	158	269	31	221	151	211	268	94
168	83	109	154	6	171	129	19	38	128	2	277	53	278	142	178	122	51	1	249	163	269	29	225	150	227	266	94
165	69	111	152	6	174	132	19	40	116	2	277	58	272	141	185	128	49	1	244	155	272	27	226	154	232	260	93
171	60	119	152	7	179	137	17	35	108	2	277	60	268	139	185	128	52	0	248	153	271	29	229	151	225	260	95
169	60	119	148	6	181	140	16	35	111	2	273	60	274	140	185	137	52	0	252	150	270	26	225	151	224	266	94
169	54	109	151	5	179	144	16	36	106	2	281	46	275	138	188	137	52	1	263	154	268	31	221	153	238	267	94
170	54	109	148	6	177	137	15	36	103	2	284	37	275	137	182	143	50	0	263	154	273	26	223	159	234	270	94
179	48	108	151	7	182	138	14	34	108	2	279	36	279	137	177	143	50	0	274	153	281	23	223	158	234	263	83
180	48	108	154	6	184	138	12	36	120	3	268	35	280	137	179	138	49	0	271	159	282	23	225	165	223	262	80
176	49	110	140	5	182	136	13	34	121	1	250	28	277	138	181	138	53	0	272	158	286	23	224	162	227	264	84
177	49	115	135	6	182	128	14	34	121	0	255	24	276	135	175	135	53	0	256	151	285	22	228	159	230	271	90
181	46	116	132	7	171	128	14	41	119	0	267	22	270	136	178	135	55	0	253	153	290	24	226	161	239	268	88
182	46	116	131	6	171	129	13	41	121	0	266	22	273	140	173	135	53	0	252	149	286	20	228	161	234	270	91
179	44	117	137	7	169	128	12	39	122	0	249	24	275	138	170	135	52	1	258	156	287	19	231	164	236	265	96
181	44	119	141	6	161	133	14	38	115	0	245	29	274	137	173	142	52	0	273	156	285	22	233	170	230	268	92
185	46	118	149	6	158	122	14	37	95	0	242	33	275	134	173	144	53	0	275	151	293	22	233	172	238	266	92
188	46	107	151	6	165	112	13	36	88	1	229	25	276	132	173	150	57	0	279	152	298	20	235	165	251	272	89
173	44	105	156	8	169	113	13	40	95	0	224	18	282	133	174	151	56	0	269	148	301	20	234	161	251	269	91
173	44	114	155	8	180	117	13	43	102	0	225	21	285	127	174	149	46	0	258	156	299	20	233	158	249	272	96
170	40	121	154	6	183	122	14	44	108	0	234	30	283	121	180	152	44	0	265	155	296	22	236	162	246	265	95
174	40	123	156	7	185	126	14	45	116	0	241	32	284	121	178	153	39	0	263	158	299	22	232	168	232	266	81
173	37	119	154	7	187	128	14	46	116	0	249	35	283	120	173	158	41	0	279	156	296	19	229	170	228	264	73
147	37	120	158	7	183	129	13	45	119	0	242	38	289	120	173	162	44	1	284	157	297	19	227	170	221	271	76
146	38	126	159	4	179	127	13	40	116	0	225	43	293	124	176	158	45	0	268	160	300	20	224	167	233	271	79
150	41	130	153	5	180	126	13	34	111	0	212	45	295	126	175	132	43	0	275	162	297	22	223	170	239	272	84
152	40	135	148	5	185	128	12	35	109	1	199	45	293	126	180	118	44	0	265	159	301	19	225	167	231	265	89
150	34	138	146	6	187	128	13	38	115	0	199	47	291	130	186	123	47	0	273	156	297	17	228	173	230	266	93
152	32	143	150	5	189	129	12	36	119	0	208	46	295	133	179	123	50	0	288	159	301	17	233	169	219	266	91
156	31	143	155	4	191	133	14	36	123	0	212	52	303	137	177	128	50	0	283	158	297	15	234	168	227	272	93
165	29	145	155	5	196	134	16	37	115	0	213	51	303	139	178	128	47	1	292	161	295	14	232	170	239	272	95
157	30	149	155	5	198	137	15	40	107	0	213	50	305	143	181	131	49	0	280	155	296	14	234	177	242	276	99
151	30	151	156	6	198	136	16	41	109	0	197	51	302	145	189	131	50	0	270	147	299	16	234	181	230	267	97
150	28	152	154	5	196	139	15	39	113	1	180	56	305	141	184	135	53	0	275	150	303	17	239	175	218	267	94
159	28	155	155	6	196	136	16	37	118	0	172	54	312	140	178	135	49	0	274	151	302	18	241	176	221	267	92
161	26	153	144	5	202	133	17	40	108	1	165	52	312	134	176	136	50	0	287	159	304	16	239	179	230	274	96
161	26	145	134	5	195	130	16	42	107	0	163	53	318	132	179	136	52	1	298	156	299	18	240	185	244	276	99
156	26	145	140	6	185	132	15	41	116	0	165	58	314	132	185	126	53	1	292	153	301	18	235	179	237	269	100
159	30	145	138	7	171	135	15	36	121	0	163	57	313	136	178	124	50	0	297	154	297	19	235	179	232	270	98
160	30	154	135	5	164	132	17	34	126	0	166	55	319	141	177	124	50	0	282	159	298	19	235	178	232	270	93
165	34	160	131	6	164	130	18	33	114	0	177	51	319	141	178	128	51	0	274	163	296	20	232	183	240	277	94
164	32	160	133	5	167	127	18	32	97	0	177	54	326	143	187	133	54	0	279	156	299	16	234	177	252	276	94
160	28	164	140	15	171	130	18	32	103	0	176	36	328	142	187	138	51	1	277	155	305	16	235	179	251	277	93
165	26	159	139	17	167	127	19	30	108	0	174	30	324	143	178	144	51	1	291	150	301	20	238	181	241	270	88
165	26	159	146	17	169	129	20	34	113	0	181	32	325	145	182	146	45	1	302	157	304	17	242	189	235	270	93
170	32	150	151	18	172	129	22	36	108	0	180	36	326	147	183	146	46	1	301	158	298	18	240	184	243	266	94
168	27	145	151	16	170	126	22	36	108	1	184	39	326	152	189	144	45	1	294	152	294	16	242	186	240	266	100
164	26	143	151	17	167	121	20	31	114	0	190	40	329	155	182	145	44	1	281	152	294	17	241	186	248	263	96
164	24	153	151	16	165	125	18	31	113	0	188	42	331	157	181	145	45	1	290	154	298	19	244	194	239	263	95
160	28	159	155	17	167	127	18	25	117	2	188	47	332	155	190	148	46	0	290	160	306	20	249	195	237	260	97
157	24	159	155	17	170	129	18	27	117	1	185	50	332	155	189	148	45	0	287	157	307	18	249	191	239	258	101
157	25	159	153	18	170	128	15	27	117	0	178	45	329	159	190	151	45	0	305	157	307	20	247	190	250	258	96
158	22	155	153	18	174	126	13	28	120	0	171	42	329	159	190	145	48	0	301	157	301	20	245	196	256	273	95
157	18	154	154	16	175	127	14	28	120	1	176	43	333	159	183	133	50	1	285	151	304	19	245	196	245	273	102
156	18	156	154	17	179	126	16	28	120	0	176	48	331	153	189	126	50	1	287	151	300	21	245	197	246	272	103
160	17	157	142	17	178	128	18	27	126	0	179	47	335	152	189	126	47	1	286	157	302	24	243	192	242	264	102
156	18	154	142	17	178	127	17	24	127	0	187	47	340	146	196	133	49	1	301	155	300	26	243	196	249	267	102
157	24	154	140	18	177	130	18	26	125	0	185	49	340	146	187	131	48	0	306	155	305	25	241	197	249	266	107
156	26	153	140	18	180	130	18	26	117	0	177	53	340	149	183	129	45	0	309	147	309	26	243	201	250	273	109
153	28	150	136	16	183	130	20	30	114	0	148	55	336	150	182	129	44	0	297	150	308	21	248	195	251	266	105
151	32	151	136	17	179	128	18	27	114	1	137	52	340	148	177	125	44	0	286	157	303	23	248	197	241	266	105
153	34	141	136	18	178	124	16	25	117	0	147	53	340	149	177	110	43	0	292	157	302	27	250	198	242	267	110
160	42	133	136	17	183	123	17	25	117	0	162	54	338	154	177	110	39	0	288	160	309	26	248	206	238	268	111
161	44	133	135	20	185	124	17	26	117	0	170	58	333	156	180	109	42	0	302	155	310	27	249	200	249	276	108
164	51	137	135	18	180	128	16	28	117	0	168	57	334	158	180	109	42	1	315	153	316	25	254	200	253	274	111
161	56	132	136	18	183	128	14	27	121	0	174	57	329	154	176	114	46	0	310	159	310	24	255	200	242	266	113
161	53	137	136	17	189	130	15	29	127	1	174	55	335	153	176	114	43	0	317	156	308	24	257	206	242	259	115
166	54	145	130	18	189	129	14	30	126	0	166	57	338	153	187	122	42	0	304	161	304	25	254	200	242	261	115
158	59	136	130	19	188	125	14	33	124	0	167	60	335	152	185	128	42	1	293	158	312	23	254	200	255	263	111
154	54	131	132	18	189	125	14	33	113	0	154	58	331	155	185	130	44	0	300	155	313	22	258	201	251	271	116
148	48	141	132	20	189	124	15	33	108	0	137	59	332	156	180	122	47	0	296	154	309	26	258	208	252	269	116
139	50	142	130	18	186	123	17	31	111	0	131	59	331	156	180	120	45	0	307	154	296	23	261	202	238	268	119
143	53	150	130	18	188	126	17	33	107	0	141	61	336	154	187	125	45	1	322	160	294	24	258	203	241	262	116
148	55	149	129	18	188	128	14	35	91	0	157	61	334	150	187	128	45	1	317	160	299	25	258	204	251	263	120
144	46	145	129	18	191	127	15	38	95	0	163	59	340	146	180	132	48	1	324	158	292	24	263	212	251	266	112
147	46	146	142	19	186	121	15	34	101	0	166	62	339	143	188	128	48	1	310	144	291	23	263	206	246	273	109
152	47	140	142	19	179	113	16	32	99	0	161	63	336	147	188	127	47	1	300	144	287	25	266	205	240	274	109
155	52	140	137	19	174	111	15	34	101	0	164	65	337	147	193	130	45	1	300	142	297	26	263	206	243	270	116
155	52	146	137	18	180	113	13	38	107	0	174	63	337	148	185	129	45	0	312	142	299	23	264	213	250	264	115
152	58	131	133	18	182	117	14	40	114	1	170	65	343	150	189	129	45	0	312	152	300	24	268	205	261	264	114
154	59	131	133	17	184	111	15	31	122	0	163	65	347	151	189	134	44	1	308	150	296	23	268	207	256	266	115
152	59	130	133	18	183	110	16	25	125	0	157	69	344	155	196	133	45	1	308	154	297	24	269	207	256	263	120
157	60	130	132	19	187	109	16	25	121	1	162	66	342	157	196	135	41	0	325	147	301	27	266	209	256	270	118
151	60	136	131	19	188	113	14	26	117	0	167	67	346	156	196	134	32	0	325	147	305	30	267	208	244	263	118
150	63	136	129	20	188	114	15	25	109	1	174	70	343	157	196	135	29	0	321	148	306	29	272	212	245	266	118
152	49	137	130	20	186	116	15	25	114	0	176	71	346	156	189	116	33	0	321	148	301	32	271	214	236	264	124
156	62	137	132	18	189	113	14	27	119	0	173	70	352	156	189	104	34	1	323	147	304	30	275	216	241	272	123
153	69	133	135	18	192	116	15	27	113	0	172	70	347	157	185	105	35	1	323	147	309	28	272	211	234	270	124
154	68	133	138	18	193	118	13	31	111	0	170	70	352	159	185	108	34	1	302	153	306	29	271	216	222	270	121
153	71	124	138	18	190	120	13	31	111	0	175	74	354	162	190	111	35	1	302	153	303	29	274	216	227	267	124
156	75	124	140	19	192	119	16	33	114	0	175	73	352	165	190	116	36	1	307	149	299	26	272	216	230	267	126
146	75	128	137	19	195	117	17	33	114	0	178	69	349	165	186	118	40	1	307	149	303	29	273	217	244	263	127
146	70	128	138	18	188	118	17	26	114	1	178	53	354	165	186	120	39	1	326	144	304	31	271	212	246	263	125
153	54	133	141	17	171	119	16	26	114	0	175	37	349	168	183	120	37	1	326	144	311	27	272	217	250	262	127
153	50	133	142	14	178	124	16	22	104	1	175	32	344	167	183	123	37	1	326	144	308	27	277	217	239	262	130
146	46	130	136	14	180	124	15	22	104	0	176	37	346	166	172	127	40	1	326	144	314	27	278	213	241	270	128
146	36	130	137	14	179	126	15	22	99	0	176	46	345	169	172	124	41	0	311	153	311	25	279	207	246	270	129
151	34	124	135	15	182	123	15	22	99	0	176	49	349	170	176	127	38	0	311	153	309	26	277	200	257	266	130
155	31	124	138	16	188	120	12	22	92	0	176	53	353	174	176	127	39	1	306	155	312	26	277	206	245	266	134
158	47	130	140	16	178	112	9	22	92	0	164	59	349	177	184	127	39	1	306	155	312	27	280	208	245	267	132
150	39	130	132	16	175	112	9	24	89	0	164	61	346	175	184	128	42	1	329	149	317	23	284	208	242	267	134
151	34	137	133	15	182	112	10	24	89	0	171	57	348	175	177	130	43	1	329	149	315	22	285	206	256	259	129
152	38	137	131	15	182	115	10	23	97	1	171	53	346	173	177	131	43	1	330	149	318	21	282	213	254	259	131
158	34	142	129	16	186	119	11	23	97	0	176	46	351	173	178	123	41	1	330	149	319	24	278	214	254	260	131
155	39	142	136	18	189	119	11	24	103	0	176	48	356	175	178	124	43	0	313	152	319	28	278	213	246	260	131
158	25	138	135	18	188	118	11	24	103	0	175	52	357	177	178	127	44	0	313	152	320	29	276	208	249	265	128
158	31	138	137	18	192	118	13	24	106	0	175	57	359	180	178	127	42	1	310	149	315	28	275	215	239	265	131
164	38	114	136	17	187	116	13	24	106	0	181	57	356	178	188	131	37	1	332	141	318	21	273	215	238	270	134
160	35	114	136	17	187	116	11	23	114	0	181	63	354	175	188	126	38	1	333	145	314	21	275	219	227	270	128
154	22	114	138	19	191	117	11	23	114	1	181	66	356	170	186	105	40	1	308	153	314	24	279	213	227	272	128
151	24	114	140	18	187	117	10	22	115	0	181	64	356	170	186	102	40	0	314	152	316	25	280	216	239	272	123
155	27	113	138	19	190	118	11	22	115	0	188	65	360	175	173	105	42	0	329	149	312	26	277	215	243	265	123
161	26	113	130	20	193	118	12	22	108	0	188	68	364	174	173	113	42	0	330	151	318	28	277	221	234	265	122
161	26	122	125	17	192	120	13	22	103	0	196	65	358	176	167	117	40	0	308	155	321	24	280	215	232	267	122
154	26	122	128	19	197	120	12	26	104	0	196	67	360	173	167	117	40	1	317	150	323	24	278	215	233	264	127
144	29	127	125	17	198	111	11	26	112	0	197	69	354	175	169	122	40	1	333	151	322	27	278	215	243	267	127
139	30	127	125	19	194	111	12	24	116	1	197	67	355	176	169	122	40	0	335	150	322	26	276	222	231	266	127
142	29	125	126	19	197	110	13	24	118	0	201	69	359	181	177	120	36	0	313	154	319	28	278	224	236	269	127
126	32	125	132	21	197	110	13	22	117	0	201	72	364	179	177	120	36	1	315	149	321	28	283	218	236	263	130
125	37	127	133	21	198	108	12	22	120	0	198	72	364	179	174	119	33	1	336	147	319	25	279	220	232	265	130
132	41	127	132	20	201	108	11	22	122	0	198	71	364	181	174	117	33	0	336	149	320	26	275	221	232	265	126
133	45	118	129	22	201	107	10	22	122	0	196	76	359	184	172	116	31	0	321	157	311	27	269	228	242	273	126
138	47	118	139	20	199	107	11	24	121	0	196	67	359	184	172	119	31	0	314	154	309	24	270	225	242	270	119
142	42	122	134	19	205	105	12	24	119	1	204	60	362	183	173	118	31	0	333	150	296	23	271	226	234	270	119
143	39	122	140	19	206	105	12	24	122	0	204	62	361	183	173	122	31	0	326	150	299	23	268	221	234	266	118
141	36	128	140	20	206	108	11	24	127	0	203	67	368	181	177	126	32	0	332	149	296	26	265	227	235	270	118
145	39	128	141	21	207	108	11	25	116	0	203	66	369	181	177	127	32	0	332	152	297	26	262	229	235	269	124
139	32	122	126	22	207	112	12	25	108	0	210	70	365	181	181	132	34	0	312	157	301	24	265	230	224	276	124
134	22	122	118	21	211	112	13	23	105	0	210	73	368	181	181	131	34	1	315	152	288	24	267	224	224	269	125
138	23	117	118	21	211	112	12	23	109	0	209	76	364	183	176	131	27	0	312	151	287	24	268	227	217	269	125
139	35	117	NaN	20	203	112	12	25	114	0	209	73	366	183	176	129	27	0	330	145	284	24	267	227	217	268	121
128	42	113	NaN	20	203	108	12	25	109	0	204	74	371	184	168	127	22	0	327	150	290	27	267	233	223	275	121
128	51	113	NaN	21	189	108	12	25	108	0	204	73	371	184	168	127	22	0	308	150	288	27	266	233	223	275	118
132	54	118	NaN	22	189	97	12	25	106	0	210	64	374	178	166	125	23	1	310	150	293	24	270	233	222	275	118
138	51	118	NaN	22	191	97	12	27	108	0	210	57	371	178	166	125	25	0	310	149	294	24	270	233	222	274	109
136	46	112	NaN	23	191	100	12	27	117	0	209	63	367	177	166	129	28	0	327	147	300	22	270	226	232	269	109
130	42	112	NaN	21	194	102	12	24	117	0	209	68	370	177	173	128	27	0	326	152	304	22	272	226	232	269	112
130	47	117	NaN	21	194	101	12	23	121	0	200	71	368	175	178	132	28	0	331	147	306	22	269	226	239	275	112
135	47	117	NaN	20	195	102	12	23	119	1	200	70	373	175	175	131	27	0	311	150	301	22	268	226	239	277	112
135	54	125	NaN	20	195	102	8	22	119	0	185	73	377	176	168	131	28	1	310	147	298	24	269	228	227	270	112
140	54	125	NaN	20	200	104	8	21	122	0	185	76	374	176	172	133	27	1	306	142	300	24	271	228	227	269	116
140	48	110	NaN	20	200	102	6	21	119	0	176	76	371	177	169	131	31	0	323	142	307	21	271	219	230	269	116
134	48	110	NaN	22	204	103	6	24	113	0	176	73	372	177	174	131	31	0	334	142	310	21	273	219	230	275	114
134	40	105	NaN	22	204	104	6	24	113	0	175	56	371	176	181	132	29	0	317	150	309	21	273	211	223	275	114
126	40	105	NaN	23	202	107	6	28	114	0	175	55	375	176	178	135	28	1	321	152	301	21	272	211	223	269	119
126	43	103	NaN	23	202	111	8	26	112	0	160	58	372	173	173	139	32	1	310	NaN	300	24	272	207	224	265	119
106	43	103	NaN	20	202	110	8	23	113	0	160	63	378	173	174	136	32	1	321	NaN	295	24	269	207	224	266	121
106	45	103	NaN	20	202	112	8	24	90	0	164	61	379	173	173	139	30	1	339	NaN	292	24	269	215	209	273	121
103	45	103	NaN	20	203	111	8	23	77	0	164	61	374	173	177	136	28	1	NaN	NaN	297	24	267	215	209	274	122
103	44	96	NaN	20	203	113	8	20	75	0	176	60	377	177	183	136	31	0	NaN	NaN	293	22	267	217	211	276	122
106	44	90	NaN	21	210	111	8	20	74	0	183	60	375	177	180	138	32	1	NaN	NaN	293	22	257	217	211	270	118
106	41	88	NaN	21	210	108	9	18	80	0	185	63	381	180	183	138	33	0	NaN	NaN	297	23	257	220	212	270	118
104	41	87	NaN	23	207	108	9	19	78	0	184	63	384	180	178	138	32	0	NaN	NaN	297	23	252	220	212	269	123
104	35	87	NaN	23	207	109	10	19	75	0	184	66	380	181	178	141	32	0	NaN	NaN	295	19	252	214	208	277	123
108	35	89	NaN	22	207	109	10	22	80	1	174	66	382	181	177	144	33	0	NaN	NaN	296	19	251	214	208	NaN	127
108	38	96	NaN	22	207	109	10	21	83	0	165	54	379	180	185	131	35	0	NaN	NaN	296	19	251	215	216	NaN	127
115	38	100	NaN	20	197	109	10	21	90	0	158	54	384	180	188	120	35	0	NaN	NaN	303	19	251	215	216	NaN	128
115	45	113	NaN	20	197	112	9	24	99	0	154	43	388	182	188	115	32	0	NaN	NaN	308	22	251	220	220	NaN	128
112	45	114	NaN	20	198	110	9	24	104	0	159	43	387	182	176	113	32	1	NaN	NaN	306	22	250	220	220	NaN	125
112	48	115	NaN	20	198	108	8	28	107	1	166	44	388	186	160	117	32	0	NaN	NaN	304	23	250	226	222	NaN	125
99	48	116	NaN	22	200	103	8	28	106	0	151	44	383	186	158	119	22	1	NaN	NaN	303	22	249	220	222	NaN	127
99	44	123	NaN	22	200	99	9	23	103	0	143	45	384	187	165	123	16	1	NaN	NaN	304	23	249	223	220	NaN	127
91	30	128	NaN	22	202	96	9	21	103	1	143	45	389	187	165	124	14	0	NaN	NaN	309	20	250	221	220	NaN	131
91	32	111	NaN	22	202	97	10	20	107	0	151	45	387	192	167	124	14	1	NaN	NaN	308	19	250	228	215	NaN	131
91	35	101	NaN	20	189	97	10	20	101	0	155	45	389	192	162	121	16	1	NaN	NaN	313	22	254	224	215	NaN	131
91	38	95	NaN	20	189	101	8	23	96	0	161	47	382	189	163	121	18	NaN	NaN	NaN	315	23	254	221	217	NaN	131
98	41	103	NaN	21	186	104	8	26	93	0	173	47	383	189	172	124	20	NaN	NaN	NaN	314	27	254	214	217	NaN	127
98	41	119	NaN	21	186	105	7	24	81	0	181	49	381	188	172	124	19	NaN	NaN	NaN	315	23	254	215	207	NaN	127
99	39	128	NaN	22	190	105	7	21	77	0	185	49	387	188	173	126	20	NaN	NaN	NaN	313	22	255	224	207	NaN	129
99	45	137	NaN	22	190	104	7	21	77	0	186	39	389	188	166	122	22	NaN	NaN	NaN	317	22	255	225	213	NaN	129
97	50	137	NaN	22	191	104	7	22	77	0	182	39	384	188	169	127	24	NaN	NaN	NaN	309	24	252	226	213	NaN	135
97	53	139	NaN	22	191	102	9	25	NaN	0	185	37	384	186	176	122	21	NaN	NaN	NaN	309	24	252	222	219	NaN	135
90	56	145	NaN	20	189	99	9	28	NaN	0	187	37	385	186	177	121	22	NaN	NaN	NaN	309	23	251	226	219	NaN	135
90	50	150	NaN	20	189	99	9	27	NaN	0	186	22	390	186	173	120	22	NaN	NaN	NaN	314	24	251	225	215	NaN	135
90	52	134	NaN	20	177	102	9	29	NaN	0	185	22	395	186	167	123	25	NaN	NaN	NaN	320	21	250	232	215	NaN	129
97	56	117	NaN	20	177	108	7	30	NaN	0	185	18	390	183	173	126	22	NaN	NaN	NaN	318	24	250	228	208	NaN	129
100	64	106	NaN	22	155	106	7	32	NaN	0	183	18	393	184	180	123	23	NaN	NaN	NaN	321	23	252	226	208	NaN	131
95	64	105	NaN	22	155	132	7	47	NaN	0	184	11	389	183	178	123	22	NaN	NaN	NaN	315	21	252	226	200	NaN	131
91	63	108	NaN	21	137	361	7	46	NaN	0	192	11	394	183	165	123	21	NaN	NaN	NaN	315	22	248	232	200	NaN	131
87	63	116	NaN	21	137	NaN	8	44	NaN	0	190	11	398	187	NaN	121	NaN	NaN	NaN	NaN	314	22	248	234	206	NaN	131
92	66	114	NaN	20	135	NaN	8	NaN	NaN	0	190	10	399	187	NaN	118	NaN	NaN	NaN	NaN	320	22	240	228	206	NaN	126
98	70	104	NaN	20	135	NaN	8	NaN	NaN	0	191	10	397	192	NaN	115	NaN	NaN	NaN	NaN	323	22	240	228	206	NaN	126
93	68	102	NaN	20	145	NaN	8	NaN	NaN	0	182	10	392	194	NaN	116	NaN	NaN	NaN	NaN	321	19	240	233	213	NaN	124
88	71	99	NaN	20	145	NaN	6	NaN	NaN	0	184	11	395	193	NaN	122	NaN	NaN	NaN	NaN	315	19	240	235	208	NaN	124
87	66	104	NaN	22	152	NaN	6	NaN	NaN	0	184	11	390	197	NaN	124	NaN	NaN	NaN	NaN	315	16	240	228	214	NaN	124
95	62	108	NaN	22	152	NaN	6	NaN	NaN	0	176	11	392	195	NaN	126	NaN	NaN	NaN	NaN	323	16	240	229	211	NaN	124
98	62	102	NaN	20	155	NaN	5	NaN	NaN	0	171	19	395	193	NaN	128	NaN	NaN	NaN	NaN	322	18	243	233	207	NaN	128
99	66	107	NaN	20	155	NaN	4	NaN	NaN	0	176	19	391	194	NaN	127	NaN	NaN	NaN	NaN	319	16	243	237	200	NaN	128
97	69	110	NaN	19	162	NaN	4	NaN	NaN	0	178	21	391	193	NaN	128	NaN	NaN	NaN	NaN	316	17	244	231	200	NaN	123
103	64	110	NaN	20	162	NaN	6	NaN	NaN	0	166	21	388	196	NaN	127	NaN	NaN	NaN	NaN	315	16	244	232	203	NaN	123
104	68	112	NaN	22	162	NaN	6	NaN	NaN	0	164	23	388	195	NaN	130	NaN	NaN	NaN	NaN	316	18	241	231	201	NaN	125
109	73	111	NaN	20	162	NaN	7	NaN	NaN	0	166	23	389	192	NaN	126	NaN	NaN	NaN	NaN	318	18	241	238	206	NaN	125
113	79	119	NaN	21	156	NaN	6	NaN	NaN	0	166	27	389	190	NaN	108	NaN	NaN	NaN	NaN	319	20	241	235	205	NaN	124
110	81	NaN	NaN	19	156	NaN	7	NaN	NaN	0	168	27	390	188	NaN	103	NaN	NaN	NaN	NaN	312	20	240	235	209	NaN	124
113	78	NaN	NaN	21	144	NaN	7	NaN	NaN	0	167	31	390	189	NaN	103	NaN	NaN	NaN	NaN	316	18	242	236	206	NaN	130
116	77	NaN	NaN	21	144	NaN	7	NaN	NaN	0	170	31	385	189	NaN	100	NaN	NaN	NaN	NaN	320	19	238	233	207	NaN	130
118	65	NaN	NaN	21	144	NaN	7	NaN	NaN	0	177	29	385	192	NaN	100	NaN	NaN	NaN	NaN	315	17	232	239	206	NaN	133
118	43	NaN	NaN	20	148	NaN	8	NaN	NaN	0	179	29	381	195	NaN	101	NaN	NaN	NaN	NaN	314	19	230	240	200	NaN	133
110	38	NaN	NaN	22	132	NaN	9	NaN	NaN	0	185	31	381	193	NaN	101	NaN	NaN	NaN	NaN	319	20	231	238	207	NaN	134
113	45	NaN	NaN	22	124	NaN	9	NaN	NaN	0	192	31	384	197	NaN	108	NaN	NaN	NaN	NaN	317	19	233	228	203	NaN	134
111	33	NaN	NaN	24	124	NaN	8	NaN	NaN	0	190	33	384	196	NaN	108	NaN	NaN	NaN	NaN	321	20	228	230	204	NaN	131
102	NaN	NaN	NaN	21	135	NaN	8	NaN	NaN	0	178	33	379	199	NaN	112	NaN	NaN	NaN	NaN	315	20	224	229	200	NaN	131
96	NaN	NaN	NaN	20	143	NaN	10	NaN	NaN	0	177	34	379	195	NaN	112	NaN	NaN	NaN	NaN	318	15	225	233	208	NaN	135
91	NaN	NaN	NaN	22	144	NaN	10	NaN	NaN	0	NaN	34	375	187	NaN	119	NaN	NaN	NaN	NaN	314	15	225	224	210	NaN	133
88	NaN	NaN	NaN	23	151	NaN	7	NaN	NaN	0	NaN	33	375	182	NaN	119	NaN	NaN	NaN	NaN	320	15	228	222	217	NaN	131
83	NaN	NaN	NaN	21	153	NaN	7	NaN	NaN	0	NaN	33	379	171	NaN	127	NaN	NaN	NaN	NaN	316	16	232	222	210	NaN	124
83	NaN	NaN	NaN	20	151	NaN	8	NaN	NaN	0	NaN	33	379	171	NaN	132	NaN	NaN	NaN	NaN	320	17	231	230	210	NaN	123
90	NaN	NaN	NaN	21	155	NaN	8	NaN	NaN	0	NaN	33	371	170	NaN	136	NaN	NaN	NaN	NaN	313	NaN	231	232	211	NaN	126
95	NaN	NaN	NaN	22	156	NaN	7	NaN	NaN	0	NaN	30	371	170	NaN	138	NaN	NaN	NaN	NaN	316	NaN	233	227	211	NaN	129
87	NaN	NaN	NaN	23	155	NaN	8	NaN	NaN	0	NaN	30	371	164	NaN	136	NaN	NaN	NaN	NaN	310	NaN	222	227	217	NaN	135
89	NaN	NaN	NaN	21	160	NaN	7	NaN	NaN	0	NaN	32	362	164	NaN	136	NaN	NaN	NaN	NaN	308	NaN	222	229	205	NaN	135
95	NaN	NaN	NaN	20	160	NaN	8	NaN	NaN	0	NaN	32	362	161	NaN	139	NaN	NaN	NaN	NaN	308	NaN	212	232	198	NaN	138
92	NaN	NaN	NaN	21	160	NaN	9	NaN	NaN	0	NaN	35	362	161	NaN	144	NaN	NaN	NaN	NaN	310	NaN	212	223	190	NaN	135
86	NaN	NaN	NaN	22	159	NaN	10	NaN	NaN	1	NaN	35	354	156	NaN	149	NaN	NaN	NaN	NaN	315	NaN	205	225	191	NaN	136
93	NaN	NaN	NaN	24	162	NaN	9	NaN	NaN	0	NaN	38	354	156	NaN	149	NaN	NaN	NaN	NaN	315	NaN	192	221	199	NaN	142
97	NaN	NaN	NaN	24	154	NaN	10	NaN	NaN	0	NaN	38	354	154	NaN	148	NaN	NaN	NaN	NaN	318	NaN	180	214	204	NaN	140
101	NaN	NaN	NaN	21	147	NaN	9	NaN	NaN	0	NaN	38	342	154	NaN	145	NaN	NaN	NaN	NaN	319	NaN	172	195	202	NaN	142
93	NaN	NaN	NaN	22	138	NaN	8	NaN	NaN	0	NaN	38	342	155	NaN	149	NaN	NaN	NaN	NaN	317	NaN	173	NaN	208	NaN	139
83	NaN	NaN	NaN	22	141	NaN	8	NaN	NaN	0	NaN	38	342	155	NaN	151	NaN	NaN	NaN	NaN	313	NaN	173	NaN	209	NaN	138
79	NaN	NaN	NaN	24	148	NaN	8	NaN	NaN	0	NaN	38	344	155	NaN	156	NaN	NaN	NaN	NaN	317	NaN	174	NaN	218	NaN	137
78	NaN	NaN	NaN	25	138	NaN	7	NaN	NaN	0	NaN	39	344	156	NaN	156	NaN	NaN	NaN	NaN	313	NaN	172	NaN	219	NaN	141
74	NaN	NaN	NaN	21	136	NaN	5	NaN	NaN	0	NaN	39	338	153	NaN	158	NaN	NaN	NaN	NaN	314	NaN	174	NaN	199	NaN	143
73	NaN	NaN	NaN	22	140	NaN	5	NaN	NaN	0	NaN	42	338	154	NaN	158	NaN	NaN	NaN	NaN	313	NaN	171	NaN	188	NaN	143
70	NaN	NaN	NaN	22	131	NaN	NaN	NaN	NaN	0	NaN	42	343	157	NaN	160	NaN	NaN	NaN	NaN	317	NaN	172	NaN	191	NaN	139
NaN	NaN	NaN	NaN	25	123	NaN	NaN	NaN	NaN	0	NaN	41	343	165	NaN	160	NaN	NaN	NaN	NaN	323	NaN	168	NaN	203	NaN	138
NaN	NaN	NaN	NaN	21	118	NaN	NaN	NaN	NaN	0	NaN	41	347	169	NaN	151	NaN	NaN	NaN	NaN	322	NaN	162	NaN	205	NaN	137
NaN	NaN	NaN	NaN	21	113	NaN	NaN	NaN	NaN	0	NaN	39	347	162	NaN	151	NaN	NaN	NaN	NaN	323	NaN	163	NaN	203	NaN	138
NaN	NaN	NaN	NaN	22	107	NaN	NaN	NaN	NaN	0	NaN	39	343	158	NaN	145	NaN	NaN	NaN	NaN	320	NaN	161	NaN	197	NaN	130
NaN	NaN	NaN	NaN	23	108	NaN	NaN	NaN	NaN	0	NaN	39	343	154	NaN	145	NaN	NaN	NaN	NaN	326	NaN	162	NaN	193	NaN	130
NaN	NaN	NaN	NaN	21	117	NaN	NaN	NaN	NaN	0	NaN	39	343	153	NaN	128	NaN	NaN	NaN	NaN	322	NaN	162	NaN	182	NaN	125
NaN	NaN	NaN	NaN	22	113	NaN	NaN	NaN	NaN	0	NaN	41	343	155	NaN	128	NaN	NaN	NaN	NaN	318	NaN	165	NaN	NaN	NaN	124
NaN	NaN	NaN	NaN	22	113	NaN	NaN	NaN	NaN	0	NaN	41	338	159	NaN	110	NaN	NaN	NaN	NaN	318	NaN	167	NaN	NaN	NaN	126
NaN	NaN	NaN	NaN	24	116	NaN	NaN	NaN	NaN	0	NaN	29	338	161	NaN	110	NaN	NaN	NaN	NaN	319	NaN	171	NaN	NaN	NaN	120
NaN	NaN	NaN	NaN	21	110	NaN	NaN	NaN	NaN	0	NaN	29	329	164	NaN	112	NaN	NaN	NaN	NaN	322	NaN	172	NaN	NaN	NaN	112
NaN	NaN	NaN	NaN	22	99	NaN	NaN	NaN	NaN	0	NaN	20	329	169	NaN	112	NaN	NaN	NaN	NaN	326	NaN	164	NaN	NaN	NaN	104
NaN	NaN	NaN	NaN	20	92	NaN	NaN	NaN	NaN	0	NaN	20	332	171	NaN	115	NaN	NaN	NaN	NaN	327	NaN	NaN	NaN	NaN	NaN	101
NaN	NaN	NaN	NaN	21	79	NaN	NaN	NaN	NaN	0	NaN	16	331	174	NaN	115	NaN	NaN	NaN	NaN	329	NaN	NaN	NaN	NaN	NaN	108
NaN	NaN	NaN	NaN	24	87	NaN	NaN	NaN	NaN	0	NaN	16	337	174	NaN	125	NaN	NaN	NaN	NaN	324	NaN	NaN	NaN	NaN	NaN	110
NaN	NaN	NaN	NaN	23	NaN	NaN	NaN	NaN	NaN	0	NaN	20	338	178	NaN	125	NaN	NaN	NaN	NaN	326	NaN	NaN	NaN	NaN	NaN	112
NaN	NaN	NaN	NaN	22	NaN	NaN	NaN	NaN	NaN	0	NaN	20	336	184	NaN	131	NaN	NaN	NaN	NaN	322	NaN	NaN	NaN	NaN	NaN	115
NaN	NaN	NaN	NaN	12	NaN	NaN	NaN	NaN	NaN	0	NaN	26	332	183	NaN	131	NaN	NaN	NaN	NaN	326	NaN	NaN	NaN	NaN	NaN	120
NaN	NaN	NaN	NaN	17	NaN	NaN	NaN	NaN	NaN	0	NaN	26	335	185	NaN	132	NaN	NaN	NaN	NaN	325	NaN	NaN	NaN	NaN	NaN	118
NaN	NaN	NaN	NaN	NaN	NaN	NaN	NaN	NaN	NaN	0	NaN	30	331	183	NaN	132	NaN	NaN	NaN	NaN	332	NaN	NaN	NaN	NaN	NaN	108
NaN	NaN	NaN	NaN	NaN	NaN	NaN	NaN	NaN	NaN	0	NaN	30	333	185	NaN	136	NaN	NaN	NaN	NaN	334	NaN	NaN	NaN	NaN	NaN	107
NaN	NaN	NaN	NaN	NaN	NaN	NaN	NaN	NaN	NaN	0	NaN	31	337	185	NaN	136	NaN	NaN	NaN	NaN	334	NaN	NaN	NaN	NaN	NaN	106
NaN	NaN	NaN	NaN	NaN	NaN	NaN	NaN	NaN	NaN	0	NaN	31	330	191	NaN	141	NaN	NaN	NaN	NaN	328	NaN	NaN	NaN	NaN	NaN	110
NaN	NaN	NaN	NaN	NaN	NaN	NaN	NaN	NaN	NaN	0	NaN	30	329	195	NaN	141	NaN	NaN	NaN	NaN	326	NaN	NaN	NaN	NaN	NaN	94
NaN	NaN	NaN	NaN	NaN	NaN	NaN	NaN	NaN	NaN	0	NaN	30	325	194	NaN	140	NaN	NaN	NaN	NaN	334	NaN	NaN	NaN	NaN	NaN	NaN
NaN	NaN	NaN	NaN	NaN	NaN	NaN	NaN	NaN	NaN	0	NaN	29	313	196	NaN	140	NaN	NaN	NaN	NaN	330	NaN	NaN	NaN	NaN	NaN	NaN
NaN	NaN	NaN	NaN	NaN	NaN	NaN	NaN	NaN	NaN	0	NaN	29	305	196	NaN	142	NaN	NaN	NaN	NaN	334	NaN	NaN	NaN	NaN	NaN	NaN
NaN	NaN	NaN	NaN	NaN	NaN	NaN	NaN	NaN	NaN	0	NaN	22	305	200	NaN	142	NaN	NaN	NaN	NaN	329	NaN	NaN	NaN	NaN	NaN	NaN
NaN	NaN	NaN	NaN	NaN	NaN	NaN	NaN	NaN	NaN	0	NaN	22	308	204	NaN	142	NaN	NaN	NaN	NaN	326	NaN	NaN	NaN	NaN	NaN	NaN
NaN	NaN	NaN	NaN	NaN	NaN	NaN	NaN	NaN	NaN	0	NaN	22	308	205	NaN	142	NaN	NaN	NaN	NaN	328	NaN	NaN	NaN	NaN	NaN	NaN
NaN	NaN	NaN	NaN	NaN	NaN	NaN	NaN	NaN	NaN	0	NaN	22	313	208	NaN	148	NaN	NaN	NaN	NaN	333	NaN	NaN	NaN	NaN	NaN	NaN
NaN	NaN	NaN	NaN	NaN	NaN	NaN	NaN	NaN	NaN	0	NaN	25	313	208	NaN	148	NaN	NaN	NaN	NaN	338	NaN	NaN	NaN	NaN	NaN	NaN
NaN	NaN	NaN	NaN	NaN	NaN	NaN	NaN	NaN	NaN	0	NaN	25	305	211	NaN	145	NaN	NaN	NaN	NaN	339	NaN	NaN	NaN	NaN	NaN	NaN
NaN	NaN	NaN	NaN	NaN	NaN	NaN	NaN	NaN	NaN	0	NaN	25	305	216	NaN	145	NaN	NaN	NaN	NaN	333	NaN	NaN	NaN	NaN	NaN	NaN
NaN	NaN	NaN	NaN	NaN	NaN	NaN	NaN	NaN	NaN	0	NaN	25	304	216	NaN	140	NaN	NaN	NaN	NaN	331	NaN	NaN	NaN	NaN	NaN	NaN
NaN	NaN	NaN	NaN	NaN	NaN	NaN	NaN	NaN	NaN	0	NaN	29	297	211	NaN	140	NaN	NaN	NaN	NaN	326	NaN	NaN	NaN	NaN	NaN	NaN
NaN	NaN	NaN	NaN	NaN	NaN	NaN	NaN	NaN	NaN	0	NaN	29	296	209	NaN	132	NaN	NaN	NaN	NaN	331	NaN	NaN	NaN	NaN	NaN	NaN
NaN	NaN	NaN	NaN	NaN	NaN	NaN	NaN	NaN	NaN	0	NaN	31	301	208	NaN	132	NaN	NaN	NaN	NaN	329	NaN	NaN	NaN	NaN	NaN	NaN
NaN	NaN	NaN	NaN	NaN	NaN	NaN	NaN	NaN	NaN	0	NaN	31	303	205	NaN	93	NaN	NaN	NaN	NaN	325	NaN	NaN	NaN	NaN	NaN	NaN
NaN	NaN	NaN	NaN	NaN	NaN	NaN	NaN	NaN	NaN	0	NaN	33	305	206	NaN	93	NaN	NaN	NaN	NaN	331	NaN	NaN	NaN	NaN	NaN	NaN
NaN	NaN	NaN	NaN	NaN	NaN	NaN	NaN	NaN	NaN	1	NaN	33	294	NaN	NaN	78	NaN	NaN	NaN	NaN	331	NaN	NaN	NaN	NaN	NaN	NaN
NaN	NaN	NaN	NaN	NaN	NaN	NaN	NaN	NaN	NaN	0	NaN	32	291	NaN	NaN	78	NaN	NaN	NaN	NaN	325	NaN	NaN	NaN	NaN	NaN	NaN
NaN	NaN	NaN	NaN	NaN	NaN	NaN	NaN	NaN	NaN	0	NaN	32	291	NaN	NaN	78	NaN	NaN	NaN	NaN	325	NaN	NaN	NaN	NaN	NaN	NaN
NaN	NaN	NaN	NaN	NaN	NaN	NaN	NaN	NaN	NaN	0	NaN	34	291	NaN	NaN	78	NaN	NaN	NaN	NaN	327	NaN	NaN	NaN	NaN	NaN	NaN
NaN	NaN	NaN	NaN	NaN	NaN	NaN	NaN	NaN	NaN	0	NaN	34	292	NaN	NaN	79	NaN	NaN	NaN	NaN	333	NaN	NaN	NaN	NaN	NaN	NaN
NaN	NaN	NaN	NaN	NaN	NaN	NaN	NaN	NaN	NaN	0	NaN	35	292	NaN	NaN	79	NaN	NaN	NaN	NaN	338	NaN	NaN	NaN	NaN	NaN	NaN
NaN	NaN	NaN	NaN	NaN	NaN	NaN	NaN	NaN	NaN	0	NaN	35	296	NaN	NaN	78	NaN	NaN	NaN	NaN	333	NaN	NaN	NaN	NaN	NaN	NaN
NaN	NaN	NaN	NaN	NaN	NaN	NaN	NaN	NaN	NaN	0	NaN	38	296	NaN	NaN	78	NaN	NaN	NaN	NaN	335	NaN	NaN	NaN	NaN	NaN	NaN
NaN	NaN	NaN	NaN	NaN	NaN	NaN	NaN	NaN	NaN	0	NaN	38	300	NaN	NaN	80	NaN	NaN	NaN	NaN	330	NaN	NaN	NaN	NaN	NaN	NaN
NaN	NaN	NaN	NaN	NaN	NaN	NaN	NaN	NaN	NaN	0	NaN	37	295	NaN	NaN	80	NaN	NaN	NaN	NaN	333	NaN	NaN	NaN	NaN	NaN	NaN
NaN	NaN	NaN	NaN	NaN	NaN	NaN	NaN	NaN	NaN	0	NaN	37	296	NaN	NaN	80	NaN	NaN	NaN	NaN	331	NaN	NaN	NaN	NaN	NaN	NaN
NaN	NaN	NaN	NaN	NaN	NaN	NaN	NaN	NaN	NaN	1	NaN	36	293	NaN	NaN	83	NaN	NaN	NaN	NaN	334	NaN	NaN	NaN	NaN	NaN	NaN
NaN	NaN	NaN	NaN	NaN	NaN	NaN	NaN	NaN	NaN	0	NaN	36	298	NaN	NaN	83	NaN	NaN	NaN	NaN	328	NaN	NaN	NaN	NaN	NaN	NaN
NaN	NaN	NaN	NaN	NaN	NaN	NaN	NaN	NaN	NaN	0	NaN	38	300	NaN	NaN	83	NaN	NaN	NaN	NaN	325	NaN	NaN	NaN	NaN	NaN	NaN
NaN	NaN	NaN	NaN	NaN	NaN	NaN	NaN	NaN	NaN	0	NaN	38	300	NaN	NaN	90	NaN	NaN	NaN	NaN	330	NaN	NaN	NaN	NaN	NaN	NaN
NaN	NaN	NaN	NaN	NaN	NaN	NaN	NaN	NaN	NaN	0	NaN	42	294	NaN	NaN	90	NaN	NaN	NaN	NaN	335	NaN	NaN	NaN	NaN	NaN	NaN
NaN	NaN	NaN	NaN	NaN	NaN	NaN	NaN	NaN	NaN	0	NaN	42	293	NaN	NaN	90	NaN	NaN	NaN	NaN	331	NaN	NaN	NaN	NaN	NaN	NaN
NaN	NaN	NaN	NaN	NaN	NaN	NaN	NaN	NaN	NaN	0	NaN	40	295	NaN	NaN	98	NaN	NaN	NaN	NaN	325	NaN	NaN	NaN	NaN	NaN	NaN
NaN	NaN	NaN	NaN	NaN	NaN	NaN	NaN	NaN	NaN	0	NaN	40	299	NaN	NaN	98	NaN	NaN	NaN	NaN	330	NaN	NaN	NaN	NaN	NaN	NaN
NaN	NaN	NaN	NaN	NaN	NaN	NaN	NaN	NaN	NaN	0	NaN	41	304	NaN	NaN	99	NaN	NaN	NaN	NaN	328	NaN	NaN	NaN	NaN	NaN	NaN
NaN	NaN	NaN	NaN	NaN	NaN	NaN	NaN	NaN	NaN	0	NaN	41	299	NaN	NaN	99	NaN	NaN	NaN	NaN	331	NaN	NaN	NaN	NaN	NaN	NaN
NaN	NaN	NaN	NaN	NaN	NaN	NaN	NaN	NaN	NaN	0	NaN	42	300	NaN	NaN	102	NaN	NaN	NaN	NaN	337	NaN	NaN	NaN	NaN	NaN	NaN
NaN	NaN	NaN	NaN	NaN	NaN	NaN	NaN	NaN	NaN	1	NaN	42	296	NaN	NaN	102	NaN	NaN	NaN	NaN	339	NaN	NaN	NaN	NaN	NaN	NaN
NaN	NaN	NaN	NaN	NaN	NaN	NaN	NaN	NaN	NaN	0	NaN	45	299	NaN	NaN	93	NaN	NaN	NaN	NaN	341	NaN	NaN	NaN	NaN	NaN	NaN
NaN	NaN	NaN	NaN	NaN	NaN	NaN	NaN	NaN	NaN	0	NaN	45	304	NaN	NaN	93	NaN	NaN	NaN	NaN	340	NaN	NaN	NaN	NaN	NaN	NaN
NaN	NaN	NaN	NaN	NaN	NaN	NaN	NaN	NaN	NaN	0	NaN	43	305	NaN	NaN	96	NaN	NaN	NaN	NaN	337	NaN	NaN	NaN	NaN	NaN	NaN
NaN	NaN	NaN	NaN	NaN	NaN	NaN	NaN	NaN	NaN	0	NaN	43	304	NaN	NaN	96	NaN	NaN	NaN	NaN	336	NaN	NaN	NaN	NaN	NaN	NaN
NaN	NaN	NaN	NaN	NaN	NaN	NaN	NaN	NaN	NaN	0	NaN	44	300	NaN	NaN	95	NaN	NaN	NaN	NaN	339	NaN	NaN	NaN	NaN	NaN	NaN
NaN	NaN	NaN	NaN	NaN	NaN	NaN	NaN	NaN	NaN	0	NaN	44	302	NaN	NaN	95	NaN	NaN	NaN	NaN	344	NaN	NaN	NaN	NaN	NaN	NaN
NaN	NaN	NaN	NaN	NaN	NaN	NaN	NaN	NaN	NaN	0	NaN	43	308	NaN	NaN	100	NaN	NaN	NaN	NaN	345	NaN	NaN	NaN	NaN	NaN	NaN
NaN	NaN	NaN	NaN	NaN	NaN	NaN	NaN	NaN	NaN	1	NaN	43	308	NaN	NaN	100	NaN	NaN	NaN	NaN	340	NaN	NaN	NaN	NaN	NaN	NaN
NaN	NaN	NaN	NaN	NaN	NaN	NaN	NaN	NaN	NaN	0	NaN	41	310	NaN	NaN	101	NaN	NaN	NaN	NaN	337	NaN	NaN	NaN	NaN	NaN	NaN
NaN	NaN	NaN	NaN	NaN	NaN	NaN	NaN	NaN	NaN	0	NaN	41	306	NaN	NaN	101	NaN	NaN	NaN	NaN	339	NaN	NaN	NaN	NaN	NaN	NaN
NaN	NaN	NaN	NaN	NaN	NaN	NaN	NaN	NaN	NaN	0	NaN	40	308	NaN	NaN	100	NaN	NaN	NaN	NaN	345	NaN	NaN	NaN	NaN	NaN	NaN
NaN	NaN	NaN	NaN	NaN	NaN	NaN	NaN	NaN	NaN	0	NaN	40	309	NaN	NaN	100	NaN	NaN	NaN	NaN	349	NaN	NaN	NaN	NaN	NaN	NaN
NaN	NaN	NaN	NaN	NaN	NaN	NaN	NaN	NaN	NaN	1	NaN	43	316	NaN	NaN	103	NaN	NaN	NaN	NaN	344	NaN	NaN	NaN	NaN	NaN	NaN
NaN	NaN	NaN	NaN	NaN	NaN	NaN	NaN	NaN	NaN	0	NaN	43	317	NaN	NaN	103	NaN	NaN	NaN	NaN	326	NaN	NaN	NaN	NaN	NaN	NaN
NaN	NaN	NaN	NaN	NaN	NaN	NaN	NaN	NaN	NaN	0	NaN	33	318	NaN	NaN	96	NaN	NaN	NaN	NaN	320	NaN	NaN	NaN	NaN	NaN	NaN
NaN	NaN	NaN	NaN	NaN	NaN	NaN	NaN	NaN	NaN	0	NaN	33	314	NaN	NaN	96	NaN	NaN	NaN	NaN	326	NaN	NaN	NaN	NaN	NaN	NaN
NaN	NaN	NaN	NaN	NaN	NaN	NaN	NaN	NaN	NaN	0	NaN	25	315	NaN	NaN	95	NaN	NaN	NaN	NaN	332	NaN	NaN	NaN	NaN	NaN	NaN
NaN	NaN	NaN	NaN	NaN	NaN	NaN	NaN	NaN	NaN	0	NaN	25	321	NaN	NaN	95	NaN	NaN	NaN	NaN	330	NaN	NaN	NaN	NaN	NaN	NaN
NaN	NaN	NaN	NaN	NaN	NaN	NaN	NaN	NaN	NaN	0	NaN	29	320	NaN	NaN	96	NaN	NaN	NaN	NaN	328	NaN	NaN	NaN	NaN	NaN	NaN
NaN	NaN	NaN	NaN	NaN	NaN	NaN	NaN	NaN	NaN	0	NaN	29	324	NaN	NaN	96	NaN	NaN	NaN	NaN	331	NaN	NaN	NaN	NaN	NaN	NaN
NaN	NaN	NaN	NaN	NaN	NaN	NaN	NaN	NaN	NaN	0	NaN	31	319	NaN	NaN	97	NaN	NaN	NaN	NaN	338	NaN	NaN	NaN	NaN	NaN	NaN
NaN	NaN	NaN	NaN	NaN	NaN	NaN	NaN	NaN	NaN	NaN	NaN	31	322	NaN	NaN	97	NaN	NaN	NaN	NaN	339	NaN	NaN	NaN	NaN	NaN	NaN
NaN	NaN	NaN	NaN	NaN	NaN	NaN	NaN	NaN	NaN	NaN	NaN	34	327	NaN	NaN	103	NaN	NaN	NaN	NaN	334	NaN	NaN	NaN	NaN	NaN	NaN
NaN	NaN	NaN	NaN	NaN	NaN	NaN	NaN	NaN	NaN	NaN	NaN	34	327	NaN	NaN	103	NaN	NaN	NaN	NaN	335	NaN	NaN	NaN	NaN	NaN	NaN
NaN	NaN	NaN	NaN	NaN	NaN	NaN	NaN	NaN	NaN	NaN	NaN	37	332	NaN	NaN	102	NaN	NaN	NaN	NaN	342	NaN	NaN	NaN	NaN	NaN	NaN
NaN	NaN	NaN	NaN	NaN	NaN	NaN	NaN	NaN	NaN	NaN	NaN	37	328	NaN	NaN	102	NaN	NaN	NaN	NaN	343	NaN	NaN	NaN	NaN	NaN	NaN
NaN	NaN	NaN	NaN	NaN	NaN	NaN	NaN	NaN	NaN	NaN	NaN	41	327	NaN	NaN	102	NaN	NaN	NaN	NaN	337	NaN	NaN	NaN	NaN	NaN	NaN
NaN	NaN	NaN	NaN	NaN	NaN	NaN	NaN	NaN	NaN	NaN	NaN	41	328	NaN	NaN	102	NaN	NaN	NaN	NaN	335	NaN	NaN	NaN	NaN	NaN	NaN
NaN	NaN	NaN	NaN	NaN	NaN	NaN	NaN	NaN	NaN	NaN	NaN	39	331	NaN	NaN	100	NaN	NaN	NaN	NaN	338	NaN	NaN	NaN	NaN	NaN	NaN
NaN	NaN	NaN	NaN	NaN	NaN	NaN	NaN	NaN	NaN	NaN	NaN	39	337	NaN	NaN	100	NaN	NaN	NaN	NaN	339	NaN	NaN	NaN	NaN	NaN	NaN
NaN	NaN	NaN	NaN	NaN	NaN	NaN	NaN	NaN	NaN	NaN	NaN	41	336	NaN	NaN	93	NaN	NaN	NaN	NaN	333	NaN	NaN	NaN	NaN	NaN	NaN
NaN	NaN	NaN	NaN	NaN	NaN	NaN	NaN	NaN	NaN	NaN	NaN	41	336	NaN	NaN	93	NaN	NaN	NaN	NaN	336	NaN	NaN	NaN	NaN	NaN	NaN
NaN	NaN	NaN	NaN	NaN	NaN	NaN	NaN	NaN	NaN	NaN	NaN	42	340	NaN	NaN	94	NaN	NaN	NaN	NaN	341	NaN	NaN	NaN	NaN	NaN	NaN
NaN	NaN	NaN	NaN	NaN	NaN	NaN	NaN	NaN	NaN	NaN	NaN	42	340	NaN	NaN	94	NaN	NaN	NaN	NaN	341	NaN	NaN	NaN	NaN	NaN	NaN
NaN	NaN	NaN	NaN	NaN	NaN	NaN	NaN	NaN	NaN	NaN	NaN	41	336	NaN	NaN	94	NaN	NaN	NaN	NaN	336	NaN	NaN	NaN	NaN	NaN	NaN
NaN	NaN	NaN	NaN	NaN	NaN	NaN	NaN	NaN	NaN	NaN	NaN	41	334	NaN	NaN	94	NaN	NaN	NaN	NaN	338	NaN	NaN	NaN	NaN	NaN	NaN
NaN	NaN	NaN	NaN	NaN	NaN	NaN	NaN	NaN	NaN	NaN	NaN	40	324	NaN	NaN	95	NaN	NaN	NaN	NaN	344	NaN	NaN	NaN	NaN	NaN	NaN
NaN	NaN	NaN	NaN	NaN	NaN	NaN	NaN	NaN	NaN	NaN	NaN	40	302	NaN	NaN	95	NaN	NaN	NaN	NaN	344	NaN	NaN	NaN	NaN	NaN	NaN
NaN	NaN	NaN	NaN	NaN	NaN	NaN	NaN	NaN	NaN	NaN	NaN	44	288	NaN	NaN	96	NaN	NaN	NaN	NaN	338	NaN	NaN	NaN	NaN	NaN	NaN
NaN	NaN	NaN	NaN	NaN	NaN	NaN	NaN	NaN	NaN	NaN	NaN	44	288	NaN	NaN	96	NaN	NaN	NaN	NaN	341	NaN	NaN	NaN	NaN	NaN	NaN
NaN	NaN	NaN	NaN	NaN	NaN	NaN	NaN	NaN	NaN	NaN	NaN	46	292	NaN	NaN	95	NaN	NaN	NaN	NaN	348	NaN	NaN	NaN	NaN	NaN	NaN
NaN	NaN	NaN	NaN	NaN	NaN	NaN	NaN	NaN	NaN	NaN	NaN	46	290	NaN	NaN	95	NaN	NaN	NaN	NaN	347	NaN	NaN	NaN	NaN	NaN	NaN
NaN	NaN	NaN	NaN	NaN	NaN	NaN	NaN	NaN	NaN	NaN	NaN	42	287	NaN	NaN	98	NaN	NaN	NaN	NaN	342	NaN	NaN	NaN	NaN	NaN	NaN
NaN	NaN	NaN	NaN	NaN	NaN	NaN	NaN	NaN	NaN	NaN	NaN	42	288	NaN	NaN	98	NaN	NaN	NaN	NaN	344	NaN	NaN	NaN	NaN	NaN	NaN
NaN	NaN	NaN	NaN	NaN	NaN	NaN	NaN	NaN	NaN	NaN	NaN	44	289	NaN	NaN	99	NaN	NaN	NaN	NaN	350	NaN	NaN	NaN	NaN	NaN	NaN
NaN	NaN	NaN	NaN	NaN	NaN	NaN	NaN	NaN	NaN	NaN	NaN	44	294	NaN	NaN	99	NaN	NaN	NaN	NaN	352	NaN	NaN	NaN	NaN	NaN	NaN
NaN	NaN	NaN	NaN	NaN	NaN	NaN	NaN	NaN	NaN	NaN	NaN	41	297	NaN	NaN	101	NaN	NaN	NaN	NaN	347	NaN	NaN	NaN	NaN	NaN	NaN
NaN	NaN	NaN	NaN	NaN	NaN	NaN	NaN	NaN	NaN	NaN	NaN	41	297	NaN	NaN	101	NaN	NaN	NaN	NaN	346	NaN	NaN	NaN	NaN	NaN	NaN
NaN	NaN	NaN	NaN	NaN	NaN	NaN	NaN	NaN	NaN	NaN	NaN	39	298	NaN	NaN	99	NaN	NaN	NaN	NaN	350	NaN	NaN	NaN	NaN	NaN	NaN
NaN	NaN	NaN	NaN	NaN	NaN	NaN	NaN	NaN	NaN	NaN	NaN	39	296	NaN	NaN	99	NaN	NaN	NaN	NaN	353	NaN	NaN	NaN	NaN	NaN	NaN
NaN	NaN	NaN	NaN	NaN	NaN	NaN	NaN	NaN	NaN	NaN	NaN	39	296	NaN	NaN	98	NaN	NaN	NaN	NaN	349	NaN	NaN	NaN	NaN	NaN	NaN
NaN	NaN	NaN	NaN	NaN	NaN	NaN	NaN	NaN	NaN	NaN	NaN	39	295	NaN	NaN	98	NaN	NaN	NaN	NaN	345	NaN	NaN	NaN	NaN	NaN	NaN
NaN	NaN	NaN	NaN	NaN	NaN	NaN	NaN	NaN	NaN	NaN	NaN	45	301	NaN	NaN	103	NaN	NaN	NaN	NaN	346	NaN	NaN	NaN	NaN	NaN	NaN
NaN	NaN	NaN	NaN	NaN	NaN	NaN	NaN	NaN	NaN	NaN	NaN	45	307	NaN	NaN	103	NaN	NaN	NaN	NaN	351	NaN	NaN	NaN	NaN	NaN	NaN
NaN	NaN	NaN	NaN	NaN	NaN	NaN	NaN	NaN	NaN	NaN	NaN	45	305	NaN	NaN	101	NaN	NaN	NaN	NaN	354	NaN	NaN	NaN	NaN	NaN	NaN
NaN	NaN	NaN	NaN	NaN	NaN	NaN	NaN	NaN	NaN	NaN	NaN	45	308	NaN	NaN	101	NaN	NaN	NaN	NaN	350	NaN	NaN	NaN	NaN	NaN	NaN
NaN	NaN	NaN	NaN	NaN	NaN	NaN	NaN	NaN	NaN	NaN	NaN	45	302	NaN	NaN	106	NaN	NaN	NaN	NaN	344	NaN	NaN	NaN	NaN	NaN	NaN
NaN	NaN	NaN	NaN	NaN	NaN	NaN	NaN	NaN	NaN	NaN	NaN	45	302	NaN	NaN	106	NaN	NaN	NaN	NaN	342	NaN	NaN	NaN	NaN	NaN	NaN
NaN	NaN	NaN	NaN	NaN	NaN	NaN	NaN	NaN	NaN	NaN	NaN	44	309	NaN	NaN	110	NaN	NaN	NaN	NaN	347	NaN	NaN	NaN	NaN	NaN	NaN
NaN	NaN	NaN	NaN	NaN	NaN	NaN	NaN	NaN	NaN	NaN	NaN	44	307	NaN	NaN	110	NaN	NaN	NaN	NaN	352	NaN	NaN	NaN	NaN	NaN	NaN
NaN	NaN	NaN	NaN	NaN	NaN	NaN	NaN	NaN	NaN	NaN	NaN	50	291	NaN	NaN	111	NaN	NaN	NaN	NaN	353	NaN	NaN	NaN	NaN	NaN	NaN
NaN	NaN	NaN	NaN	NaN	NaN	NaN	NaN	NaN	NaN	NaN	NaN	50	257	NaN	NaN	111	NaN	NaN	NaN	NaN	349	NaN	NaN	NaN	NaN	NaN	NaN
NaN	NaN	NaN	NaN	NaN	NaN	NaN	NaN	NaN	NaN	NaN	NaN	47	256	NaN	NaN	112	NaN	NaN	NaN	NaN	346	NaN	NaN	NaN	NaN	NaN	NaN
NaN	NaN	NaN	NaN	NaN	NaN	NaN	NaN	NaN	NaN	NaN	NaN	47	NaN	NaN	NaN	109	NaN	NaN	NaN	NaN	348	NaN	NaN	NaN	NaN	NaN	NaN
NaN	NaN	NaN	NaN	NaN	NaN	NaN	NaN	NaN	NaN	NaN	NaN	47	NaN	NaN	NaN	99	NaN	NaN	NaN	NaN	353	NaN	NaN	NaN	NaN	NaN	NaN
NaN	NaN	NaN	NaN	NaN	NaN	NaN	NaN	NaN	NaN	NaN	NaN	47	NaN	NaN	NaN	86	NaN	NaN	NaN	NaN	355	NaN	NaN	NaN	NaN	NaN	NaN
NaN	NaN	NaN	NaN	NaN	NaN	NaN	NaN	NaN	NaN	NaN	NaN	49	NaN	NaN	NaN	86	NaN	NaN	NaN	NaN	351	NaN	NaN	NaN	NaN	NaN	NaN
NaN	NaN	NaN	NaN	NaN	NaN	NaN	NaN	NaN	NaN	NaN	NaN	51	NaN	NaN	NaN	87	NaN	NaN	NaN	NaN	349	NaN	NaN	NaN	NaN	NaN	NaN
NaN	NaN	NaN	NaN	NaN	NaN	NaN	NaN	NaN	NaN	NaN	NaN	46	NaN	NaN	NaN	87	NaN	NaN	NaN	NaN	353	NaN	NaN	NaN	NaN	NaN	NaN
NaN	NaN	NaN	NaN	NaN	NaN	NaN	NaN	NaN	NaN	NaN	NaN	41	NaN	NaN	NaN	94	NaN	NaN	NaN	NaN	359	NaN	NaN	NaN	NaN	NaN	NaN
NaN	NaN	NaN	NaN	NaN	NaN	NaN	NaN	NaN	NaN	NaN	NaN	42	NaN	NaN	NaN	96	NaN	NaN	NaN	NaN	355	NaN	NaN	NaN	NaN	NaN	NaN
NaN	NaN	NaN	NaN	NaN	NaN	NaN	NaN	NaN	NaN	NaN	NaN	43	NaN	NaN	NaN	94	NaN	NaN	NaN	NaN	351	NaN	NaN	NaN	NaN	NaN	NaN
NaN	NaN	NaN	NaN	NaN	NaN	NaN	NaN	NaN	NaN	NaN	NaN	43	NaN	NaN	NaN	94	NaN	NaN	NaN	NaN	351	NaN	NaN	NaN	NaN	NaN	NaN
NaN	NaN	NaN	NaN	NaN	NaN	NaN	NaN	NaN	NaN	NaN	NaN	45	NaN	NaN	NaN	96	NaN	NaN	NaN	NaN	354	NaN	NaN	NaN	NaN	NaN	NaN
NaN	NaN	NaN	NaN	NaN	NaN	NaN	NaN	NaN	NaN	NaN	NaN	49	NaN	NaN	NaN	97	NaN	NaN	NaN	NaN	358	NaN	NaN	NaN	NaN	NaN	NaN
NaN	NaN	NaN	NaN	NaN	NaN	NaN	NaN	NaN	NaN	NaN	NaN	48	NaN	NaN	NaN	91	NaN	NaN	NaN	NaN	355	NaN	NaN	NaN	NaN	NaN	NaN
NaN	NaN	NaN	NaN	NaN	NaN	NaN	NaN	NaN	NaN	NaN	NaN	49	NaN	NaN	NaN	88	NaN	NaN	NaN	NaN	350	NaN	NaN	NaN	NaN	NaN	NaN
NaN	NaN	NaN	NaN	NaN	NaN	NaN	NaN	NaN	NaN	NaN	NaN	51	NaN	NaN	NaN	88	NaN	NaN	NaN	NaN	353	NaN	NaN	NaN	NaN	NaN	NaN
NaN	NaN	NaN	NaN	NaN	NaN	NaN	NaN	NaN	NaN	NaN	NaN	53	NaN	NaN	NaN	86	NaN	NaN	NaN	NaN	359	NaN	NaN	NaN	NaN	NaN	NaN
NaN	NaN	NaN	NaN	NaN	NaN	NaN	NaN	NaN	NaN	NaN	NaN	50	NaN	NaN	NaN	87	NaN	NaN	NaN	NaN	354	NaN	NaN	NaN	NaN	NaN	NaN
NaN	NaN	NaN	NaN	NaN	NaN	NaN	NaN	NaN	NaN	NaN	NaN	55	NaN	NaN	NaN	87	NaN	NaN	NaN	NaN	351	NaN	NaN	NaN	NaN	NaN	NaN
NaN	NaN	NaN	NaN	NaN	NaN	NaN	NaN	NaN	NaN	NaN	NaN	55	NaN	NaN	NaN	91	NaN	NaN	NaN	NaN	358	NaN	NaN	NaN	NaN	NaN	NaN
NaN	NaN	NaN	NaN	NaN	NaN	NaN	NaN	NaN	NaN	NaN	NaN	54	NaN	NaN	NaN	87	NaN	NaN	NaN	NaN	360	NaN	NaN	NaN	NaN	NaN	NaN
NaN	NaN	NaN	NaN	NaN	NaN	NaN	NaN	NaN	NaN	NaN	NaN	54	NaN	NaN	NaN	87	NaN	NaN	NaN	NaN	353	NaN	NaN	NaN	NaN	NaN	NaN
NaN	NaN	NaN	NaN	NaN	NaN	NaN	NaN	NaN	NaN	NaN	NaN	59	NaN	NaN	NaN	79	NaN	NaN	NaN	NaN	355	NaN	NaN	NaN	NaN	NaN	NaN
NaN	NaN	NaN	NaN	NaN	NaN	NaN	NaN	NaN	NaN	NaN	NaN	55	NaN	NaN	NaN	79	NaN	NaN	NaN	NaN	362	NaN	NaN	NaN	NaN	NaN	NaN
NaN	NaN	NaN	NaN	NaN	NaN	NaN	NaN	NaN	NaN	NaN	NaN	55	NaN	NaN	NaN	78	NaN	NaN	NaN	NaN	357	NaN	NaN	NaN	NaN	NaN	NaN
NaN	NaN	NaN	NaN	NaN	NaN	NaN	NaN	NaN	NaN	NaN	NaN	58	NaN	NaN	NaN	86	NaN	NaN	NaN	NaN	353	NaN	NaN	NaN	NaN	NaN	NaN
NaN	NaN	NaN	NaN	NaN	NaN	NaN	NaN	NaN	NaN	NaN	NaN	59	NaN	NaN	NaN	90	NaN	NaN	NaN	NaN	358	NaN	NaN	NaN	NaN	NaN	NaN
NaN	NaN	NaN	NaN	NaN	NaN	NaN	NaN	NaN	NaN	NaN	NaN	56	NaN	NaN	NaN	89	NaN	NaN	NaN	NaN	361	NaN	NaN	NaN	NaN	NaN	NaN
NaN	NaN	NaN	NaN	NaN	NaN	NaN	NaN	NaN	NaN	NaN	NaN	58	NaN	NaN	NaN	105	NaN	NaN	NaN	NaN	355	NaN	NaN	NaN	NaN	NaN	NaN
NaN	NaN	NaN	NaN	NaN	NaN	NaN	NaN	NaN	NaN	NaN	NaN	59	NaN	NaN	NaN	114	NaN	NaN	NaN	NaN	356	NaN	NaN	NaN	NaN	NaN	NaN
NaN	NaN	NaN	NaN	NaN	NaN	NaN	NaN	NaN	NaN	NaN	NaN	59	NaN	NaN	NaN	116	NaN	NaN	NaN	NaN	363	NaN	NaN	NaN	NaN	NaN	NaN
NaN	NaN	NaN	NaN	NaN	NaN	NaN	NaN	NaN	NaN	NaN	NaN	53	NaN	NaN	NaN	116	NaN	NaN	NaN	NaN	360	NaN	NaN	NaN	NaN	NaN	NaN
NaN	NaN	NaN	NaN	NaN	NaN	NaN	NaN	NaN	NaN	NaN	NaN	55	NaN	NaN	NaN	108	NaN	NaN	NaN	NaN	356	NaN	NaN	NaN	NaN	NaN	NaN
NaN	NaN	NaN	NaN	NaN	NaN	NaN	NaN	NaN	NaN	NaN	NaN	56	NaN	NaN	NaN	110	NaN	NaN	NaN	NaN	360	NaN	NaN	NaN	NaN	NaN	NaN
NaN	NaN	NaN	NaN	NaN	NaN	NaN	NaN	NaN	NaN	NaN	NaN	54	NaN	NaN	NaN	103	NaN	NaN	NaN	NaN	363	NaN	NaN	NaN	NaN	NaN	NaN
NaN	NaN	NaN	NaN	NaN	NaN	NaN	NaN	NaN	NaN	NaN	NaN	54	NaN	NaN	NaN	98	NaN	NaN	NaN	NaN	357	NaN	NaN	NaN	NaN	NaN	NaN
NaN	NaN	NaN	NaN	NaN	NaN	NaN	NaN	NaN	NaN	NaN	NaN	57	NaN	NaN	NaN	97	NaN	NaN	NaN	NaN	357	NaN	NaN	NaN	NaN	NaN	NaN
NaN	NaN	NaN	NaN	NaN	NaN	NaN	NaN	NaN	NaN	NaN	NaN	57	NaN	NaN	NaN	95	NaN	NaN	NaN	NaN	363	NaN	NaN	NaN	NaN	NaN	NaN
NaN	NaN	NaN	NaN	NaN	NaN	NaN	NaN	NaN	NaN	NaN	NaN	54	NaN	NaN	NaN	97	NaN	NaN	NaN	NaN	359	NaN	NaN	NaN	NaN	NaN	NaN
NaN	NaN	NaN	NaN	NaN	NaN	NaN	NaN	NaN	NaN	NaN	NaN	54	NaN	NaN	NaN	94	NaN	NaN	NaN	NaN	355	NaN	NaN	NaN	NaN	NaN	NaN
NaN	NaN	NaN	NaN	NaN	NaN	NaN	NaN	NaN	NaN	NaN	NaN	51	NaN	NaN	NaN	115	NaN	NaN	NaN	NaN	361	NaN	NaN	NaN	NaN	NaN	NaN
NaN	NaN	NaN	NaN	NaN	NaN	NaN	NaN	NaN	NaN	NaN	NaN	56	NaN	NaN	NaN	97	NaN	NaN	NaN	NaN	365	NaN	NaN	NaN	NaN	NaN	NaN
NaN	NaN	NaN	NaN	NaN	NaN	NaN	NaN	NaN	NaN	NaN	NaN	59	NaN	NaN	NaN	97	NaN	NaN	NaN	NaN	359	NaN	NaN	NaN	NaN	NaN	NaN
NaN	NaN	NaN	NaN	NaN	NaN	NaN	NaN	NaN	NaN	NaN	NaN	53	NaN	NaN	NaN	99	NaN	NaN	NaN	NaN	356	NaN	NaN	NaN	NaN	NaN	NaN
NaN	NaN	NaN	NaN	NaN	NaN	NaN	NaN	NaN	NaN	NaN	NaN	53	NaN	NaN	NaN	104	NaN	NaN	NaN	NaN	359	NaN	NaN	NaN	NaN	NaN	NaN
NaN	NaN	NaN	NaN	NaN	NaN	NaN	NaN	NaN	NaN	NaN	NaN	54	NaN	NaN	NaN	106	NaN	NaN	NaN	NaN	359	NaN	NaN	NaN	NaN	NaN	NaN
NaN	NaN	NaN	NaN	NaN	NaN	NaN	NaN	NaN	NaN	NaN	NaN	59	NaN	NaN	NaN	102	NaN	NaN	NaN	NaN	352	NaN	NaN	NaN	NaN	NaN	NaN
NaN	NaN	NaN	NaN	NaN	NaN	NaN	NaN	NaN	NaN	NaN	NaN	58	NaN	NaN	NaN	99	NaN	NaN	NaN	NaN	353	NaN	NaN	NaN	NaN	NaN	NaN
NaN	NaN	NaN	NaN	NaN	NaN	NaN	NaN	NaN	NaN	NaN	NaN	58	NaN	NaN	NaN	100	NaN	NaN	NaN	NaN	358	NaN	NaN	NaN	NaN	NaN	NaN
NaN	NaN	NaN	NaN	NaN	NaN	NaN	NaN	NaN	NaN	NaN	NaN	56	NaN	NaN	NaN	102	NaN	NaN	NaN	NaN	358	NaN	NaN	NaN	NaN	NaN	NaN
NaN	NaN	NaN	NaN	NaN	NaN	NaN	NaN	NaN	NaN	NaN	NaN	59	NaN	NaN	NaN	97	NaN	NaN	NaN	NaN	352	NaN	NaN	NaN	NaN	NaN	NaN
NaN	NaN	NaN	NaN	NaN	NaN	NaN	NaN	NaN	NaN	NaN	NaN	62	NaN	NaN	NaN	103	NaN	NaN	NaN	NaN	355	NaN	NaN	NaN	NaN	NaN	NaN
NaN	NaN	NaN	NaN	NaN	NaN	NaN	NaN	NaN	NaN	NaN	NaN	61	NaN	NaN	NaN	111	NaN	NaN	NaN	NaN	362	NaN	NaN	NaN	NaN	NaN	NaN
NaN	NaN	NaN	NaN	NaN	NaN	NaN	NaN	NaN	NaN	NaN	NaN	63	NaN	NaN	NaN	111	NaN	NaN	NaN	NaN	360	NaN	NaN	NaN	NaN	NaN	NaN
NaN	NaN	NaN	NaN	NaN	NaN	NaN	NaN	NaN	NaN	NaN	NaN	60	NaN	NaN	NaN	111	NaN	NaN	NaN	NaN	355	NaN	NaN	NaN	NaN	NaN	NaN
NaN	NaN	NaN	NaN	NaN	NaN	NaN	NaN	NaN	NaN	NaN	NaN	56	NaN	NaN	NaN	110	NaN	NaN	NaN	NaN	360	NaN	NaN	NaN	NaN	NaN	NaN
NaN	NaN	NaN	NaN	NaN	NaN	NaN	NaN	NaN	NaN	NaN	NaN	53	NaN	NaN	NaN	104	NaN	NaN	NaN	NaN	364	NaN	NaN	NaN	NaN	NaN	NaN
NaN	NaN	NaN	NaN	NaN	NaN	NaN	NaN	NaN	NaN	NaN	NaN	52	NaN	NaN	NaN	97	NaN	NaN	NaN	NaN	358	NaN	NaN	NaN	NaN	NaN	NaN
NaN	NaN	NaN	NaN	NaN	NaN	NaN	NaN	NaN	NaN	NaN	NaN	58	NaN	NaN	NaN	96	NaN	NaN	NaN	NaN	352	NaN	NaN	NaN	NaN	NaN	NaN
NaN	NaN	NaN	NaN	NaN	NaN	NaN	NaN	NaN	NaN	NaN	NaN	59	NaN	NaN	NaN	56	NaN	NaN	NaN	NaN	355	NaN	NaN	NaN	NaN	NaN	NaN
NaN	NaN	NaN	NaN	NaN	NaN	NaN	NaN	NaN	NaN	NaN	NaN	57	NaN	NaN	NaN	43	NaN	NaN	NaN	NaN	360	NaN	NaN	NaN	NaN	NaN	NaN
NaN	NaN	NaN	NaN	NaN	NaN	NaN	NaN	NaN	NaN	NaN	NaN	59	NaN	NaN	NaN	40	NaN	NaN	NaN	NaN	354	NaN	NaN	NaN	NaN	NaN	NaN
NaN	NaN	NaN	NaN	NaN	NaN	NaN	NaN	NaN	NaN	NaN	NaN	59	NaN	NaN	NaN	39	NaN	NaN	NaN	NaN	353	NaN	NaN	NaN	NaN	NaN	NaN
NaN	NaN	NaN	NaN	NaN	NaN	NaN	NaN	NaN	NaN	NaN	NaN	63	NaN	NaN	NaN	42	NaN	NaN	NaN	NaN	359	NaN	NaN	NaN	NaN	NaN	NaN
NaN	NaN	NaN	NaN	NaN	NaN	NaN	NaN	NaN	NaN	NaN	NaN	63	NaN	NaN	NaN	42	NaN	NaN	NaN	NaN	359	NaN	NaN	NaN	NaN	NaN	NaN
NaN	NaN	NaN	NaN	NaN	NaN	NaN	NaN	NaN	NaN	NaN	NaN	59	NaN	NaN	NaN	50	NaN	NaN	NaN	NaN	352	NaN	NaN	NaN	NaN	NaN	NaN
NaN	NaN	NaN	NaN	NaN	NaN	NaN	NaN	NaN	NaN	NaN	NaN	61	NaN	NaN	NaN	50	NaN	NaN	NaN	NaN	353	NaN	NaN	NaN	NaN	NaN	NaN
NaN	NaN	NaN	NaN	NaN	NaN	NaN	NaN	NaN	NaN	NaN	NaN	61	NaN	NaN	NaN	61	NaN	NaN	NaN	NaN	361	NaN	NaN	NaN	NaN	NaN	NaN
NaN	NaN	NaN	NaN	NaN	NaN	NaN	NaN	NaN	NaN	NaN	NaN	64	NaN	NaN	NaN	61	NaN	NaN	NaN	NaN	363	NaN	NaN	NaN	NaN	NaN	NaN
NaN	NaN	NaN	NaN	NaN	NaN	NaN	NaN	NaN	NaN	NaN	NaN	65	NaN	NaN	NaN	66	NaN	NaN	NaN	NaN	356	NaN	NaN	NaN	NaN	NaN	NaN
NaN	NaN	NaN	NaN	NaN	NaN	NaN	NaN	NaN	NaN	NaN	NaN	66	NaN	NaN	NaN	74	NaN	NaN	NaN	NaN	358	NaN	NaN	NaN	NaN	NaN	NaN
NaN	NaN	NaN	NaN	NaN	NaN	NaN	NaN	NaN	NaN	NaN	NaN	61	NaN	NaN	NaN	81	NaN	NaN	NaN	NaN	366	NaN	NaN	NaN	NaN	NaN	NaN
NaN	NaN	NaN	NaN	NaN	NaN	NaN	NaN	NaN	NaN	NaN	NaN	61	NaN	NaN	NaN	78	NaN	NaN	NaN	NaN	364	NaN	NaN	NaN	NaN	NaN	NaN
NaN	NaN	NaN	NaN	NaN	NaN	NaN	NaN	NaN	NaN	NaN	NaN	64	NaN	NaN	NaN	81	NaN	NaN	NaN	NaN	359	NaN	NaN	NaN	NaN	NaN	NaN
NaN	NaN	NaN	NaN	NaN	NaN	NaN	NaN	NaN	NaN	NaN	NaN	53	NaN	NaN	NaN	75	NaN	NaN	NaN	NaN	364	NaN	NaN	NaN	NaN	NaN	NaN
NaN	NaN	NaN	NaN	NaN	NaN	NaN	NaN	NaN	NaN	NaN	NaN	49	NaN	NaN	NaN	70	NaN	NaN	NaN	NaN	367	NaN	NaN	NaN	NaN	NaN	NaN
NaN	NaN	NaN	NaN	NaN	NaN	NaN	NaN	NaN	NaN	NaN	NaN	43	NaN	NaN	NaN	69	NaN	NaN	NaN	NaN	361	NaN	NaN	NaN	NaN	NaN	NaN
NaN	NaN	NaN	NaN	NaN	NaN	NaN	NaN	NaN	NaN	NaN	NaN	48	NaN	NaN	NaN	72	NaN	NaN	NaN	NaN	362	NaN	NaN	NaN	NaN	NaN	NaN
NaN	NaN	NaN	NaN	NaN	NaN	NaN	NaN	NaN	NaN	NaN	NaN	52	NaN	NaN	NaN	69	NaN	NaN	NaN	NaN	369	NaN	NaN	NaN	NaN	NaN	NaN
NaN	NaN	NaN	NaN	NaN	NaN	NaN	NaN	NaN	NaN	NaN	NaN	55	NaN	NaN	NaN	79	NaN	NaN	NaN	NaN	366	NaN	NaN	NaN	NaN	NaN	NaN
NaN	NaN	NaN	NaN	NaN	NaN	NaN	NaN	NaN	NaN	NaN	NaN	54	NaN	NaN	NaN	84	NaN	NaN	NaN	NaN	363	NaN	NaN	NaN	NaN	NaN	NaN
NaN	NaN	NaN	NaN	NaN	NaN	NaN	NaN	NaN	NaN	NaN	NaN	43	NaN	NaN	NaN	78	NaN	NaN	NaN	NaN	368	NaN	NaN	NaN	NaN	NaN	NaN
NaN	NaN	NaN	NaN	NaN	NaN	NaN	NaN	NaN	NaN	NaN	NaN	41	NaN	NaN	NaN	79	NaN	NaN	NaN	NaN	371	NaN	NaN	NaN	NaN	NaN	NaN
NaN	NaN	NaN	NaN	NaN	NaN	NaN	NaN	NaN	NaN	NaN	NaN	44	NaN	NaN	NaN	77	NaN	NaN	NaN	NaN	365	NaN	NaN	NaN	NaN	NaN	NaN
NaN	NaN	NaN	NaN	NaN	NaN	NaN	NaN	NaN	NaN	NaN	NaN	47	NaN	NaN	NaN	78	NaN	NaN	NaN	NaN	365	NaN	NaN	NaN	NaN	NaN	NaN
NaN	NaN	NaN	NaN	NaN	NaN	NaN	NaN	NaN	NaN	NaN	NaN	47	NaN	NaN	NaN	81	NaN	NaN	NaN	NaN	370	NaN	NaN	NaN	NaN	NaN	NaN
NaN	NaN	NaN	NaN	NaN	NaN	NaN	NaN	NaN	NaN	NaN	NaN	50	NaN	NaN	NaN	86	NaN	NaN	NaN	NaN	370	NaN	NaN	NaN	NaN	NaN	NaN
NaN	NaN	NaN	NaN	NaN	NaN	NaN	NaN	NaN	NaN	NaN	NaN	54	NaN	NaN	NaN	86	NaN	NaN	NaN	NaN	365	NaN	NaN	NaN	NaN	NaN	NaN
NaN	NaN	NaN	NaN	NaN	NaN	NaN	NaN	NaN	NaN	NaN	NaN	55	NaN	NaN	NaN	83	NaN	NaN	NaN	NaN	365	NaN	NaN	NaN	NaN	NaN	NaN
NaN	NaN	NaN	NaN	NaN	NaN	NaN	NaN	NaN	NaN	NaN	NaN	51	NaN	NaN	NaN	86	NaN	NaN	NaN	NaN	370	NaN	NaN	NaN	NaN	NaN	NaN
NaN	NaN	NaN	NaN	NaN	NaN	NaN	NaN	NaN	NaN	NaN	NaN	36	NaN	NaN	NaN	90	NaN	NaN	NaN	NaN	373	NaN	NaN	NaN	NaN	NaN	NaN
NaN	NaN	NaN	NaN	NaN	NaN	NaN	NaN	NaN	NaN	NaN	NaN	34	NaN	NaN	NaN	92	NaN	NaN	NaN	NaN	367	NaN	NaN	NaN	NaN	NaN	NaN
NaN	NaN	NaN	NaN	NaN	NaN	NaN	NaN	NaN	NaN	NaN	NaN	37	NaN	NaN	NaN	89	NaN	NaN	NaN	NaN	365	NaN	NaN	NaN	NaN	NaN	NaN
NaN	NaN	NaN	NaN	NaN	NaN	NaN	NaN	NaN	NaN	NaN	NaN	25	NaN	NaN	NaN	91	NaN	NaN	NaN	NaN	367	NaN	NaN	NaN	NaN	NaN	NaN
NaN	NaN	NaN	NaN	NaN	NaN	NaN	NaN	NaN	NaN	NaN	NaN	18	NaN	NaN	NaN	96	NaN	NaN	NaN	NaN	370	NaN	NaN	NaN	NaN	NaN	NaN
NaN	NaN	NaN	NaN	NaN	NaN	NaN	NaN	NaN	NaN	NaN	NaN	23	NaN	NaN	NaN	96	NaN	NaN	NaN	NaN	370	NaN	NaN	NaN	NaN	NaN	NaN
NaN	NaN	NaN	NaN	NaN	NaN	NaN	NaN	NaN	NaN	NaN	NaN	28	NaN	NaN	NaN	79	NaN	NaN	NaN	NaN	365	NaN	NaN	NaN	NaN	NaN	NaN
NaN	NaN	NaN	NaN	NaN	NaN	NaN	NaN	NaN	NaN	NaN	NaN	33	NaN	NaN	NaN	68	NaN	NaN	NaN	NaN	364	NaN	NaN	NaN	NaN	NaN	NaN
NaN	NaN	NaN	NaN	NaN	NaN	NaN	NaN	NaN	NaN	NaN	NaN	34	NaN	NaN	NaN	68	NaN	NaN	NaN	NaN	368	NaN	NaN	NaN	NaN	NaN	NaN
NaN	NaN	NaN	NaN	NaN	NaN	NaN	NaN	NaN	NaN	NaN	NaN	38	NaN	NaN	NaN	70	NaN	NaN	NaN	NaN	373	NaN	NaN	NaN	NaN	NaN	NaN
NaN	NaN	NaN	NaN	NaN	NaN	NaN	NaN	NaN	NaN	NaN	NaN	37	NaN	NaN	NaN	74	NaN	NaN	NaN	NaN	370	NaN	NaN	NaN	NaN	NaN	NaN
NaN	NaN	NaN	NaN	NaN	NaN	NaN	NaN	NaN	NaN	NaN	NaN	38	NaN	NaN	NaN	74	NaN	NaN	NaN	NaN	363	NaN	NaN	NaN	NaN	NaN	NaN
NaN	NaN	NaN	NaN	NaN	NaN	NaN	NaN	NaN	NaN	NaN	NaN	41	NaN	NaN	NaN	72	NaN	NaN	NaN	NaN	361	NaN	NaN	NaN	NaN	NaN	NaN
NaN	NaN	NaN	NaN	NaN	NaN	NaN	NaN	NaN	NaN	NaN	NaN	53	NaN	NaN	NaN	72	NaN	NaN	NaN	NaN	363	NaN	NaN	NaN	NaN	NaN	NaN
NaN	NaN	NaN	NaN	NaN	NaN	NaN	NaN	NaN	NaN	NaN	NaN	35	NaN	NaN	NaN	75	NaN	NaN	NaN	NaN	370	NaN	NaN	NaN	NaN	NaN	NaN
NaN	NaN	NaN	NaN	NaN	NaN	NaN	NaN	NaN	NaN	NaN	NaN	35	NaN	NaN	NaN	75	NaN	NaN	NaN	NaN	373	NaN	NaN	NaN	NaN	NaN	NaN
NaN	NaN	NaN	NaN	NaN	NaN	NaN	NaN	NaN	NaN	NaN	NaN	38	NaN	NaN	NaN	80	NaN	NaN	NaN	NaN	369	NaN	NaN	NaN	NaN	NaN	NaN
NaN	NaN	NaN	NaN	NaN	NaN	NaN	NaN	NaN	NaN	NaN	NaN	28	NaN	NaN	NaN	80	NaN	NaN	NaN	NaN	364	NaN	NaN	NaN	NaN	NaN	NaN
NaN	NaN	NaN	NaN	NaN	NaN	NaN	NaN	NaN	NaN	NaN	NaN	26	NaN	NaN	NaN	83	NaN	NaN	NaN	NaN	366	NaN	NaN	NaN	NaN	NaN	NaN
NaN	NaN	NaN	NaN	NaN	NaN	NaN	NaN	NaN	NaN	NaN	NaN	31	NaN	NaN	NaN	82	NaN	NaN	NaN	NaN	371	NaN	NaN	NaN	NaN	NaN	NaN
NaN	NaN	NaN	NaN	NaN	NaN	NaN	NaN	NaN	NaN	NaN	NaN	33	NaN	NaN	NaN	81	NaN	NaN	NaN	NaN	374	NaN	NaN	NaN	NaN	NaN	NaN
NaN	NaN	NaN	NaN	NaN	NaN	NaN	NaN	NaN	NaN	NaN	NaN	31	NaN	NaN	NaN	86	NaN	NaN	NaN	NaN	368	NaN	NaN	NaN	NaN	NaN	NaN
NaN	NaN	NaN	NaN	NaN	NaN	NaN	NaN	NaN	NaN	NaN	NaN	32	NaN	NaN	NaN	87	NaN	NaN	NaN	NaN	363	NaN	NaN	NaN	NaN	NaN	NaN
NaN	NaN	NaN	NaN	NaN	NaN	NaN	NaN	NaN	NaN	NaN	NaN	33	NaN	NaN	NaN	90	NaN	NaN	NaN	NaN	366	NaN	NaN	NaN	NaN	NaN	NaN
NaN	NaN	NaN	NaN	NaN	NaN	NaN	NaN	NaN	NaN	NaN	NaN	36	NaN	NaN	NaN	87	NaN	NaN	NaN	NaN	374	NaN	NaN	NaN	NaN	NaN	NaN
NaN	NaN	NaN	NaN	NaN	NaN	NaN	NaN	NaN	NaN	NaN	NaN	33	NaN	NaN	NaN	87	NaN	NaN	NaN	NaN	372	NaN	NaN	NaN	NaN	NaN	NaN
NaN	NaN	NaN	NaN	NaN	NaN	NaN	NaN	NaN	NaN	NaN	NaN	36	NaN	NaN	NaN	89	NaN	NaN	NaN	NaN	367	NaN	NaN	NaN	NaN	NaN	NaN
NaN	NaN	NaN	NaN	NaN	NaN	NaN	NaN	NaN	NaN	NaN	NaN	38	NaN	NaN	NaN	87	NaN	NaN	NaN	NaN	366	NaN	NaN	NaN	NaN	NaN	NaN
NaN	NaN	NaN	NaN	NaN	NaN	NaN	NaN	NaN	NaN	NaN	NaN	36	NaN	NaN	NaN	89	NaN	NaN	NaN	NaN	372	NaN	NaN	NaN	NaN	NaN	NaN
NaN	NaN	NaN	NaN	NaN	NaN	NaN	NaN	NaN	NaN	NaN	NaN	31	NaN	NaN	NaN	92	NaN	NaN	NaN	NaN	371	NaN	NaN	NaN	NaN	NaN	NaN
NaN	NaN	NaN	NaN	NaN	NaN	NaN	NaN	NaN	NaN	NaN	NaN	30	NaN	NaN	NaN	92	NaN	NaN	NaN	NaN	365	NaN	NaN	NaN	NaN	NaN	NaN
NaN	NaN	NaN	NaN	NaN	NaN	NaN	NaN	NaN	NaN	NaN	NaN	25	NaN	NaN	NaN	92	NaN	NaN	NaN	NaN	367	NaN	NaN	NaN	NaN	NaN	NaN
NaN	NaN	NaN	NaN	NaN	NaN	NaN	NaN	NaN	NaN	NaN	NaN	18	NaN	NaN	NaN	92	NaN	NaN	NaN	NaN	374	NaN	NaN	NaN	NaN	NaN	NaN
NaN	NaN	NaN	NaN	NaN	NaN	NaN	NaN	NaN	NaN	NaN	NaN	18	NaN	NaN	NaN	91	NaN	NaN	NaN	NaN	370	NaN	NaN	NaN	NaN	NaN	NaN
NaN	NaN	NaN	NaN	NaN	NaN	NaN	NaN	NaN	NaN	NaN	NaN	23	NaN	NaN	NaN	91	NaN	NaN	NaN	NaN	367	NaN	NaN	NaN	NaN	NaN	NaN
NaN	NaN	NaN	NaN	NaN	NaN	NaN	NaN	NaN	NaN	NaN	NaN	27	NaN	NaN	NaN	87	NaN	NaN	NaN	NaN	373	NaN	NaN	NaN	NaN	NaN	NaN
NaN	NaN	NaN	NaN	NaN	NaN	NaN	NaN	NaN	NaN	NaN	NaN	29	NaN	NaN	NaN	84	NaN	NaN	NaN	NaN	377	NaN	NaN	NaN	NaN	NaN	NaN
NaN	NaN	NaN	NaN	NaN	NaN	NaN	NaN	NaN	NaN	NaN	NaN	27	NaN	NaN	NaN	82	NaN	NaN	NaN	NaN	370	NaN	NaN	NaN	NaN	NaN	NaN
NaN	NaN	NaN	NaN	NaN	NaN	NaN	NaN	NaN	NaN	NaN	NaN	23	NaN	NaN	NaN	87	NaN	NaN	NaN	NaN	371	NaN	NaN	NaN	NaN	NaN	NaN
NaN	NaN	NaN	NaN	NaN	NaN	NaN	NaN	NaN	NaN	NaN	NaN	11	NaN	NaN	NaN	87	NaN	NaN	NaN	NaN	378	NaN	NaN	NaN	NaN	NaN	NaN
NaN	NaN	NaN	NaN	NaN	NaN	NaN	NaN	NaN	NaN	NaN	NaN	4	NaN	NaN	NaN	90	NaN	NaN	NaN	NaN	375	NaN	NaN	NaN	NaN	NaN	NaN
NaN	NaN	NaN	NaN	NaN	NaN	NaN	NaN	NaN	NaN	NaN	NaN	1	NaN	NaN	NaN	89	NaN	NaN	NaN	NaN	371	NaN	NaN	NaN	NaN	NaN	NaN
NaN	NaN	NaN	NaN	NaN	NaN	NaN	NaN	NaN	NaN	NaN	NaN	0	NaN	NaN	NaN	89	NaN	NaN	NaN	NaN	376	NaN	NaN	NaN	NaN	NaN	NaN
NaN	NaN	NaN	NaN	NaN	NaN	NaN	NaN	NaN	NaN	NaN	NaN	0	NaN	NaN	NaN	88	NaN	NaN	NaN	NaN	378	NaN	NaN	NaN	NaN	NaN	NaN
NaN	NaN	NaN	NaN	NaN	NaN	NaN	NaN	NaN	NaN	NaN	NaN	1	NaN	NaN	NaN	91	NaN	NaN	NaN	NaN	372	NaN	NaN	NaN	NaN	NaN	NaN
NaN	NaN	NaN	NaN	NaN	NaN	NaN	NaN	NaN	NaN	NaN	NaN	5	NaN	NaN	NaN	94	NaN	NaN	NaN	NaN	371	NaN	NaN	NaN	NaN	NaN	NaN
NaN	NaN	NaN	NaN	NaN	NaN	NaN	NaN	NaN	NaN	NaN	NaN	8	NaN	NaN	NaN	94	NaN	NaN	NaN	NaN	379	NaN	NaN	NaN	NaN	NaN	NaN
NaN	NaN	NaN	NaN	NaN	NaN	NaN	NaN	NaN	NaN	NaN	NaN	6	NaN	NaN	NaN	93	NaN	NaN	NaN	NaN	377	NaN	NaN	NaN	NaN	NaN	NaN
NaN	NaN	NaN	NaN	NaN	NaN	NaN	NaN	NaN	NaN	NaN	NaN	8	NaN	NaN	NaN	81	NaN	NaN	NaN	NaN	371	NaN	NaN	NaN	NaN	NaN	NaN
NaN	NaN	NaN	NaN	NaN	NaN	NaN	NaN	NaN	NaN	NaN	NaN	11	NaN	NaN	NaN	72	NaN	NaN	NaN	NaN	374	NaN	NaN	NaN	NaN	NaN	NaN
NaN	NaN	NaN	NaN	NaN	NaN	NaN	NaN	NaN	NaN	NaN	NaN	14	NaN	NaN	NaN	68	NaN	NaN	NaN	NaN	379	NaN	NaN	NaN	NaN	NaN	NaN
NaN	NaN	NaN	NaN	NaN	NaN	NaN	NaN	NaN	NaN	NaN	NaN	14	NaN	NaN	NaN	68	NaN	NaN	NaN	NaN	368	NaN	NaN	NaN	NaN	NaN	NaN
NaN	NaN	NaN	NaN	NaN	NaN	NaN	NaN	NaN	NaN	NaN	NaN	14	NaN	NaN	NaN	70	NaN	NaN	NaN	NaN	363	NaN	NaN	NaN	NaN	NaN	NaN
NaN	NaN	NaN	NaN	NaN	NaN	NaN	NaN	NaN	NaN	NaN	NaN	15	NaN	NaN	NaN	73	NaN	NaN	NaN	NaN	369	NaN	NaN	NaN	NaN	NaN	NaN
NaN	NaN	NaN	NaN	NaN	NaN	NaN	NaN	NaN	NaN	NaN	NaN	17	NaN	NaN	NaN	76	NaN	NaN	NaN	NaN	370	NaN	NaN	NaN	NaN	NaN	NaN
NaN	NaN	NaN	NaN	NaN	NaN	NaN	NaN	NaN	NaN	NaN	NaN	17	NaN	NaN	NaN	76	NaN	NaN	NaN	NaN	360	NaN	NaN	NaN	NaN	NaN	NaN
NaN	NaN	NaN	NaN	NaN	NaN	NaN	NaN	NaN	NaN	NaN	NaN	9	NaN	NaN	NaN	70	NaN	NaN	NaN	NaN	354	NaN	NaN	NaN	NaN	NaN	NaN
NaN	NaN	NaN	NaN	NaN	NaN	NaN	NaN	NaN	NaN	NaN	NaN	2	NaN	NaN	NaN	65	NaN	NaN	NaN	NaN	356	NaN	NaN	NaN	NaN	NaN	NaN
NaN	NaN	NaN	NaN	NaN	NaN	NaN	NaN	NaN	NaN	NaN	NaN	2	NaN	NaN	NaN	58	NaN	NaN	NaN	NaN	356	NaN	NaN	NaN	NaN	NaN	NaN
NaN	NaN	NaN	NaN	NaN	NaN	NaN	NaN	NaN	NaN	NaN	NaN	1	NaN	NaN	NaN	60	NaN	NaN	NaN	NaN	356	NaN	NaN	NaN	NaN	NaN	NaN
NaN	NaN	NaN	NaN	NaN	NaN	NaN	NaN	NaN	NaN	NaN	NaN	0	NaN	NaN	NaN	63	NaN	NaN	NaN	NaN	356	NaN	NaN	NaN	NaN	NaN	NaN
NaN	NaN	NaN	NaN	NaN	NaN	NaN	NaN	NaN	NaN	NaN	NaN	2	NaN	NaN	NaN	69	NaN	NaN	NaN	NaN	346	NaN	NaN	NaN	NaN	NaN	NaN
NaN	NaN	NaN	NaN	NaN	NaN	NaN	NaN	NaN	NaN	NaN	NaN	5	NaN	NaN	NaN	69	NaN	NaN	NaN	NaN	346	NaN	NaN	NaN	NaN	NaN	NaN
NaN	NaN	NaN	NaN	NaN	NaN	NaN	NaN	NaN	NaN	NaN	NaN	2	NaN	NaN	NaN	72	NaN	NaN	NaN	NaN	342	NaN	NaN	NaN	NaN	NaN	NaN
NaN	NaN	NaN	NaN	NaN	NaN	NaN	NaN	NaN	NaN	NaN	NaN	3	NaN	NaN	NaN	76	NaN	NaN	NaN	NaN	342	NaN	NaN	NaN	NaN	NaN	NaN
NaN	NaN	NaN	NaN	NaN	NaN	NaN	NaN	NaN	NaN	NaN	NaN	6	NaN	NaN	NaN	77	NaN	NaN	NaN	NaN	346	NaN	NaN	NaN	NaN	NaN	NaN
NaN	NaN	NaN	NaN	NaN	NaN	NaN	NaN	NaN	NaN	NaN	NaN	6	NaN	NaN	NaN	77	NaN	NaN	NaN	NaN	346	NaN	NaN	NaN	NaN	NaN	NaN
NaN	NaN	NaN	NaN	NaN	NaN	NaN	NaN	NaN	NaN	NaN	NaN	8	NaN	NaN	NaN	71	NaN	NaN	NaN	NaN	348	NaN	NaN	NaN	NaN	NaN	NaN
NaN	NaN	NaN	NaN	NaN	NaN	NaN	NaN	NaN	NaN	NaN	NaN	10	NaN	NaN	NaN	69	NaN	NaN	NaN	NaN	348	NaN	NaN	NaN	NaN	NaN	NaN
NaN	NaN	NaN	NaN	NaN	NaN	NaN	NaN	NaN	NaN	NaN	NaN	10	NaN	NaN	NaN	71	NaN	NaN	NaN	NaN	344	NaN	NaN	NaN	NaN	NaN	NaN
NaN	NaN	NaN	NaN	NaN	NaN	NaN	NaN	NaN	NaN	NaN	NaN	10	NaN	NaN	NaN	73	NaN	NaN	NaN	NaN	344	NaN	NaN	NaN	NaN	NaN	NaN
NaN	NaN	NaN	NaN	NaN	NaN	NaN	NaN	NaN	NaN	NaN	NaN	11	NaN	NaN	NaN	78	NaN	NaN	NaN	NaN	341	NaN	NaN	NaN	NaN	NaN	NaN
NaN	NaN	NaN	NaN	NaN	NaN	NaN	NaN	NaN	NaN	NaN	NaN	9	NaN	NaN	NaN	76	NaN	NaN	NaN	NaN	341	NaN	NaN	NaN	NaN	NaN	NaN
NaN	NaN	NaN	NaN	NaN	NaN	NaN	NaN	NaN	NaN	NaN	NaN	9	NaN	NaN	NaN	78	NaN	NaN	NaN	NaN	343	NaN	NaN	NaN	NaN	NaN	NaN
NaN	NaN	NaN	NaN	NaN	NaN	NaN	NaN	NaN	NaN	NaN	NaN	9	NaN	NaN	NaN	77	NaN	NaN	NaN	NaN	343	NaN	NaN	NaN	NaN	NaN	NaN
NaN	NaN	NaN	NaN	NaN	NaN	NaN	NaN	NaN	NaN	NaN	NaN	10	NaN	NaN	NaN	82	NaN	NaN	NaN	NaN	348	NaN	NaN	NaN	NaN	NaN	NaN
NaN	NaN	NaN	NaN	NaN	NaN	NaN	NaN	NaN	NaN	NaN	NaN	8	NaN	NaN	NaN	87	NaN	NaN	NaN	NaN	348	NaN	NaN	NaN	NaN	NaN	NaN
NaN	NaN	NaN	NaN	NaN	NaN	NaN	NaN	NaN	NaN	NaN	NaN	4	NaN	NaN	NaN	72	NaN	NaN	NaN	NaN	348	NaN	NaN	NaN	NaN	NaN	NaN
NaN	NaN	NaN	NaN	NaN	NaN	NaN	NaN	NaN	NaN	NaN	NaN	2	NaN	NaN	NaN	62	NaN	NaN	NaN	NaN	348	NaN	NaN	NaN	NaN	NaN	NaN
NaN	NaN	NaN	NaN	NaN	NaN	NaN	NaN	NaN	NaN	NaN	NaN	2	NaN	NaN	NaN	56	NaN	NaN	NaN	NaN	343	NaN	NaN	NaN	NaN	NaN	NaN
NaN	NaN	NaN	NaN	NaN	NaN	NaN	NaN	NaN	NaN	NaN	NaN	4	NaN	NaN	NaN	67	NaN	NaN	NaN	NaN	343	NaN	NaN	NaN	NaN	NaN	NaN
NaN	NaN	NaN	NaN	NaN	NaN	NaN	NaN	NaN	NaN	NaN	NaN	NaN	NaN	NaN	NaN	78	NaN	NaN	NaN	NaN	341	NaN	NaN	NaN	NaN	NaN	NaN
NaN	NaN	NaN	NaN	NaN	NaN	NaN	NaN	NaN	NaN	NaN	NaN	NaN	NaN	NaN	NaN	NaN	NaN	NaN	NaN	NaN	341	NaN	NaN	NaN	NaN	NaN	NaN
NaN	NaN	NaN	NaN	NaN	NaN	NaN	NaN	NaN	NaN	NaN	NaN	NaN	NaN	NaN	NaN	NaN	NaN	NaN	NaN	NaN	345	NaN	NaN	NaN	NaN	NaN	NaN
NaN	NaN	NaN	NaN	NaN	NaN	NaN	NaN	NaN	NaN	NaN	NaN	NaN	NaN	NaN	NaN	NaN	NaN	NaN	NaN	NaN	345	NaN	NaN	NaN	NaN	NaN	NaN
NaN	NaN	NaN	NaN	NaN	NaN	NaN	NaN	NaN	NaN	NaN	NaN	NaN	NaN	NaN	NaN	NaN	NaN	NaN	NaN	NaN	352	NaN	NaN	NaN	NaN	NaN	NaN
NaN	NaN	NaN	NaN	NaN	NaN	NaN	NaN	NaN	NaN	NaN	NaN	NaN	NaN	NaN	NaN	NaN	NaN	NaN	NaN	NaN	352	NaN	NaN	NaN	NaN	NaN	NaN
NaN	NaN	NaN	NaN	NaN	NaN	NaN	NaN	NaN	NaN	NaN	NaN	NaN	NaN	NaN	NaN	NaN	NaN	NaN	NaN	NaN	350	NaN	NaN	NaN	NaN	NaN	NaN
NaN	NaN	NaN	NaN	NaN	NaN	NaN	NaN	NaN	NaN	NaN	NaN	NaN	NaN	NaN	NaN	NaN	NaN	NaN	NaN	NaN	350	NaN	NaN	NaN	NaN	NaN	NaN
NaN	NaN	NaN	NaN	NaN	NaN	NaN	NaN	NaN	NaN	NaN	NaN	NaN	NaN	NaN	NaN	NaN	NaN	NaN	NaN	NaN	345	NaN	NaN	NaN	NaN	NaN	NaN
NaN	NaN	NaN	NaN	NaN	NaN	NaN	NaN	NaN	NaN	NaN	NaN	NaN	NaN	NaN	NaN	NaN	NaN	NaN	NaN	NaN	345	NaN	NaN	NaN	NaN	NaN	NaN
NaN	NaN	NaN	NaN	NaN	NaN	NaN	NaN	NaN	NaN	NaN	NaN	NaN	NaN	NaN	NaN	NaN	NaN	NaN	NaN	NaN	343	NaN	NaN	NaN	NaN	NaN	NaN
NaN	NaN	NaN	NaN	NaN	NaN	NaN	NaN	NaN	NaN	NaN	NaN	NaN	NaN	NaN	NaN	NaN	NaN	NaN	NaN	NaN	343	NaN	NaN	NaN	NaN	NaN	NaN
NaN	NaN	NaN	NaN	NaN	NaN	NaN	NaN	NaN	NaN	NaN	NaN	NaN	NaN	NaN	NaN	NaN	NaN	NaN	NaN	NaN	346	NaN	NaN	NaN	NaN	NaN	NaN
NaN	NaN	NaN	NaN	NaN	NaN	NaN	NaN	NaN	NaN	NaN	NaN	NaN	NaN	NaN	NaN	NaN	NaN	NaN	NaN	NaN	346	NaN	NaN	NaN	NaN	NaN	NaN
NaN	NaN	NaN	NaN	NaN	NaN	NaN	NaN	NaN	NaN	NaN	NaN	NaN	NaN	NaN	NaN	NaN	NaN	NaN	NaN	NaN	353	NaN	NaN	NaN	NaN	NaN	NaN
NaN	NaN	NaN	NaN	NaN	NaN	NaN	NaN	NaN	NaN	NaN	NaN	NaN	NaN	NaN	NaN	NaN	NaN	NaN	NaN	NaN	353	NaN	NaN	NaN	NaN	NaN	NaN
NaN	NaN	NaN	NaN	NaN	NaN	NaN	NaN	NaN	NaN	NaN	NaN	NaN	NaN	NaN	NaN	NaN	NaN	NaN	NaN	NaN	355	NaN	NaN	NaN	NaN	NaN	NaN
NaN	NaN	NaN	NaN	NaN	NaN	NaN	NaN	NaN	NaN	NaN	NaN	NaN	NaN	NaN	NaN	NaN	NaN	NaN	NaN	NaN	355	NaN	NaN	NaN	NaN	NaN	NaN
NaN	NaN	NaN	NaN	NaN	NaN	NaN	NaN	NaN	NaN	NaN	NaN	NaN	NaN	NaN	NaN	NaN	NaN	NaN	NaN	NaN	350	NaN	NaN	NaN	NaN	NaN	NaN
NaN	NaN	NaN	NaN	NaN	NaN	NaN	NaN	NaN	NaN	NaN	NaN	NaN	NaN	NaN	NaN	NaN	NaN	NaN	NaN	NaN	350	NaN	NaN	NaN	NaN	NaN	NaN
NaN	NaN	NaN	NaN	NaN	NaN	NaN	NaN	NaN	NaN	NaN	NaN	NaN	NaN	NaN	NaN	NaN	NaN	NaN	NaN	NaN	348	NaN	NaN	NaN	NaN	NaN	NaN
NaN	NaN	NaN	NaN	NaN	NaN	NaN	NaN	NaN	NaN	NaN	NaN	NaN	NaN	NaN	NaN	NaN	NaN	NaN	NaN	NaN	348	NaN	NaN	NaN	NaN	NaN	NaN
NaN	NaN	NaN	NaN	NaN	NaN	NaN	NaN	NaN	NaN	NaN	NaN	NaN	NaN	NaN	NaN	NaN	NaN	NaN	NaN	NaN	348	NaN	NaN	NaN	NaN	NaN	NaN
NaN	NaN	NaN	NaN	NaN	NaN	NaN	NaN	NaN	NaN	NaN	NaN	NaN	NaN	NaN	NaN	NaN	NaN	NaN	NaN	NaN	348	NaN	NaN	NaN	NaN	NaN	NaN
NaN	NaN	NaN	NaN	NaN	NaN	NaN	NaN	NaN	NaN	NaN	NaN	NaN	NaN	NaN	NaN	NaN	NaN	NaN	NaN	NaN	351	NaN	NaN	NaN	NaN	NaN	NaN
NaN	NaN	NaN	NaN	NaN	NaN	NaN	NaN	NaN	NaN	NaN	NaN	NaN	NaN	NaN	NaN	NaN	NaN	NaN	NaN	NaN	351	NaN	NaN	NaN	NaN	NaN	NaN
NaN	NaN	NaN	NaN	NaN	NaN	NaN	NaN	NaN	NaN	NaN	NaN	NaN	NaN	NaN	NaN	NaN	NaN	NaN	NaN	NaN	353	NaN	NaN	NaN	NaN	NaN	NaN
NaN	NaN	NaN	NaN	NaN	NaN	NaN	NaN	NaN	NaN	NaN	NaN	NaN	NaN	NaN	NaN	NaN	NaN	NaN	NaN	NaN	353	NaN	NaN	NaN	NaN	NaN	NaN
NaN	NaN	NaN	NaN	NaN	NaN	NaN	NaN	NaN	NaN	NaN	NaN	NaN	NaN	NaN	NaN	NaN	NaN	NaN	NaN	NaN	351	NaN	NaN	NaN	NaN	NaN	NaN
NaN	NaN	NaN	NaN	NaN	NaN	NaN	NaN	NaN	NaN	NaN	NaN	NaN	NaN	NaN	NaN	NaN	NaN	NaN	NaN	NaN	343	NaN	NaN	NaN	NaN	NaN	NaN
NaN	NaN	NaN	NaN	NaN	NaN	NaN	NaN	NaN	NaN	NaN	NaN	NaN	NaN	NaN	NaN	NaN	NaN	NaN	NaN	NaN	338	NaN	NaN	NaN	NaN	NaN	NaN
NaN	NaN	NaN	NaN	NaN	NaN	NaN	NaN	NaN	NaN	NaN	NaN	NaN	NaN	NaN	NaN	NaN	NaN	NaN	NaN	NaN	339	NaN	NaN	NaN	NaN	NaN	NaN
NaN	NaN	NaN	NaN	NaN	NaN	NaN	NaN	NaN	NaN	NaN	NaN	NaN	NaN	NaN	NaN	NaN	NaN	NaN	NaN	NaN	341	NaN	NaN	NaN	NaN	NaN	NaN
NaN	NaN	NaN	NaN	NaN	NaN	NaN	NaN	NaN	NaN	NaN	NaN	NaN	NaN	NaN	NaN	NaN	NaN	NaN	NaN	NaN	339	NaN	NaN	NaN	NaN	NaN	NaN
NaN	NaN	NaN	NaN	NaN	NaN	NaN	NaN	NaN	NaN	NaN	NaN	NaN	NaN	NaN	NaN	NaN	NaN	NaN	NaN	NaN	335	NaN	NaN	NaN	NaN	NaN	NaN
NaN	NaN	NaN	NaN	NaN	NaN	NaN	NaN	NaN	NaN	NaN	NaN	NaN	NaN	NaN	NaN	NaN	NaN	NaN	NaN	NaN	332	NaN	NaN	NaN	NaN	NaN	NaN
NaN	NaN	NaN	NaN	NaN	NaN	NaN	NaN	NaN	NaN	NaN	NaN	NaN	NaN	NaN	NaN	NaN	NaN	NaN	NaN	NaN	329	NaN	NaN	NaN	NaN	NaN	NaN
NaN	NaN	NaN	NaN	NaN	NaN	NaN	NaN	NaN	NaN	NaN	NaN	NaN	NaN	NaN	NaN	NaN	NaN	NaN	NaN	NaN	332	NaN	NaN	NaN	NaN	NaN	NaN
NaN	NaN	NaN	NaN	NaN	NaN	NaN	NaN	NaN	NaN	NaN	NaN	NaN	NaN	NaN	NaN	NaN	NaN	NaN	NaN	NaN	335	NaN	NaN	NaN	NaN	NaN	NaN
NaN	NaN	NaN	NaN	NaN	NaN	NaN	NaN	NaN	NaN	NaN	NaN	NaN	NaN	NaN	NaN	NaN	NaN	NaN	NaN	NaN	335	NaN	NaN	NaN	NaN	NaN	NaN
NaN	NaN	NaN	NaN	NaN	NaN	NaN	NaN	NaN	NaN	NaN	NaN	NaN	NaN	NaN	NaN	NaN	NaN	NaN	NaN	NaN	330	NaN	NaN	NaN	NaN	NaN	NaN
NaN	NaN	NaN	NaN	NaN	NaN	NaN	NaN	NaN	NaN	NaN	NaN	NaN	NaN	NaN	NaN	NaN	NaN	NaN	NaN	NaN	329	NaN	NaN	NaN	NaN	NaN	NaN
NaN	NaN	NaN	NaN	NaN	NaN	NaN	NaN	NaN	NaN	NaN	NaN	NaN	NaN	NaN	NaN	NaN	NaN	NaN	NaN	NaN	334	NaN	NaN	NaN	NaN	NaN	NaN
NaN	NaN	NaN	NaN	NaN	NaN	NaN	NaN	NaN	NaN	NaN	NaN	NaN	NaN	NaN	NaN	NaN	NaN	NaN	NaN	NaN	336	NaN	NaN	NaN	NaN	NaN	NaN
NaN	NaN	NaN	NaN	NaN	NaN	NaN	NaN	NaN	NaN	NaN	NaN	NaN	NaN	NaN	NaN	NaN	NaN	NaN	NaN	NaN	336	NaN	NaN	NaN	NaN	NaN	NaN
NaN	NaN	NaN	NaN	NaN	NaN	NaN	NaN	NaN	NaN	NaN	NaN	NaN	NaN	NaN	NaN	NaN	NaN	NaN	NaN	NaN	332	NaN	NaN	NaN	NaN	NaN	NaN
NaN	NaN	NaN	NaN	NaN	NaN	NaN	NaN	NaN	NaN	NaN	NaN	NaN	NaN	NaN	NaN	NaN	NaN	NaN	NaN	NaN	332	NaN	NaN	NaN	NaN	NaN	NaN
NaN	NaN	NaN	NaN	NaN	NaN	NaN	NaN	NaN	NaN	NaN	NaN	NaN	NaN	NaN	NaN	NaN	NaN	NaN	NaN	NaN	336	NaN	NaN	NaN	NaN	NaN	NaN
NaN	NaN	NaN	NaN	NaN	NaN	NaN	NaN	NaN	NaN	NaN	NaN	NaN	NaN	NaN	NaN	NaN	NaN	NaN	NaN	NaN	341	NaN	NaN	NaN	NaN	NaN	NaN
NaN	NaN	NaN	NaN	NaN	NaN	NaN	NaN	NaN	NaN	NaN	NaN	NaN	NaN	NaN	NaN	NaN	NaN	NaN	NaN	NaN	341	NaN	NaN	NaN	NaN	NaN	NaN
NaN	NaN	NaN	NaN	NaN	NaN	NaN	NaN	NaN	NaN	NaN	NaN	NaN	NaN	NaN	NaN	NaN	NaN	NaN	NaN	NaN	337	NaN	NaN	NaN	NaN	NaN	NaN
NaN	NaN	NaN	NaN	NaN	NaN	NaN	NaN	NaN	NaN	NaN	NaN	NaN	NaN	NaN	NaN	NaN	NaN	NaN	NaN	NaN	334	NaN	NaN	NaN	NaN	NaN	NaN
NaN	NaN	NaN	NaN	NaN	NaN	NaN	NaN	NaN	NaN	NaN	NaN	NaN	NaN	NaN	NaN	NaN	NaN	NaN	NaN	NaN	336	NaN	NaN	NaN	NaN	NaN	NaN
NaN	NaN	NaN	NaN	NaN	NaN	NaN	NaN	NaN	NaN	NaN	NaN	NaN	NaN	NaN	NaN	NaN	NaN	NaN	NaN	NaN	342	NaN	NaN	NaN	NaN	NaN	NaN
NaN	NaN	NaN	NaN	NaN	NaN	NaN	NaN	NaN	NaN	NaN	NaN	NaN	NaN	NaN	NaN	NaN	NaN	NaN	NaN	NaN	345	NaN	NaN	NaN	NaN	NaN	NaN
NaN	NaN	NaN	NaN	NaN	NaN	NaN	NaN	NaN	NaN	NaN	NaN	NaN	NaN	NaN	NaN	NaN	NaN	NaN	NaN	NaN	340	NaN	NaN	NaN	NaN	NaN	NaN
NaN	NaN	NaN	NaN	NaN	NaN	NaN	NaN	NaN	NaN	NaN	NaN	NaN	NaN	NaN	NaN	NaN	NaN	NaN	NaN	NaN	336	NaN	NaN	NaN	NaN	NaN	NaN
NaN	NaN	NaN	NaN	NaN	NaN	NaN	NaN	NaN	NaN	NaN	NaN	NaN	NaN	NaN	NaN	NaN	NaN	NaN	NaN	NaN	334	NaN	NaN	NaN	NaN	NaN	NaN
NaN	NaN	NaN	NaN	NaN	NaN	NaN	NaN	NaN	NaN	NaN	NaN	NaN	NaN	NaN	NaN	NaN	NaN	NaN	NaN	NaN	337	NaN	NaN	NaN	NaN	NaN	NaN
NaN	NaN	NaN	NaN	NaN	NaN	NaN	NaN	NaN	NaN	NaN	NaN	NaN	NaN	NaN	NaN	NaN	NaN	NaN	NaN	NaN	340	NaN	NaN	NaN	NaN	NaN	NaN
NaN	NaN	NaN	NaN	NaN	NaN	NaN	NaN	NaN	NaN	NaN	NaN	NaN	NaN	NaN	NaN	NaN	NaN	NaN	NaN	NaN	342	NaN	NaN	NaN	NaN	NaN	NaN
NaN	NaN	NaN	NaN	NaN	NaN	NaN	NaN	NaN	NaN	NaN	NaN	NaN	NaN	NaN	NaN	NaN	NaN	NaN	NaN	NaN	339	NaN	NaN	NaN	NaN	NaN	NaN
NaN	NaN	NaN	NaN	NaN	NaN	NaN	NaN	NaN	NaN	NaN	NaN	NaN	NaN	NaN	NaN	NaN	NaN	NaN	NaN	NaN	332	NaN	NaN	NaN	NaN	NaN	NaN
NaN	NaN	NaN	NaN	NaN	NaN	NaN	NaN	NaN	NaN	NaN	NaN	NaN	NaN	NaN	NaN	NaN	NaN	NaN	NaN	NaN	327	NaN	NaN	NaN	NaN	NaN	NaN
NaN	NaN	NaN	NaN	NaN	NaN	NaN	NaN	NaN	NaN	NaN	NaN	NaN	NaN	NaN	NaN	NaN	NaN	NaN	NaN	NaN	334	NaN	NaN	NaN	NaN	NaN	NaN
NaN	NaN	NaN	NaN	NaN	NaN	NaN	NaN	NaN	NaN	NaN	NaN	NaN	NaN	NaN	NaN	NaN	NaN	NaN	NaN	NaN	337	NaN	NaN	NaN	NaN	NaN	NaN
NaN	NaN	NaN	NaN	NaN	NaN	NaN	NaN	NaN	NaN	NaN	NaN	NaN	NaN	NaN	NaN	NaN	NaN	NaN	NaN	NaN	332	NaN	NaN	NaN	NaN	NaN	NaN
NaN	NaN	NaN	NaN	NaN	NaN	NaN	NaN	NaN	NaN	NaN	NaN	NaN	NaN	NaN	NaN	NaN	NaN	NaN	NaN	NaN	323	NaN	NaN	NaN	NaN	NaN	NaN
NaN	NaN	NaN	NaN	NaN	NaN	NaN	NaN	NaN	NaN	NaN	NaN	NaN	NaN	NaN	NaN	NaN	NaN	NaN	NaN	NaN	322	NaN	NaN	NaN	NaN	NaN	NaN
NaN	NaN	NaN	NaN	NaN	NaN	NaN	NaN	NaN	NaN	NaN	NaN	NaN	NaN	NaN	NaN	NaN	NaN	NaN	NaN	NaN	327	NaN	NaN	NaN	NaN	NaN	NaN
NaN	NaN	NaN	NaN	NaN	NaN	NaN	NaN	NaN	NaN	NaN	NaN	NaN	NaN	NaN	NaN	NaN	NaN	NaN	NaN	NaN	335	NaN	NaN	NaN	NaN	NaN	NaN
NaN	NaN	NaN	NaN	NaN	NaN	NaN	NaN	NaN	NaN	NaN	NaN	NaN	NaN	NaN	NaN	NaN	NaN	NaN	NaN	NaN	336	NaN	NaN	NaN	NaN	NaN	NaN
NaN	NaN	NaN	NaN	NaN	NaN	NaN	NaN	NaN	NaN	NaN	NaN	NaN	NaN	NaN	NaN	NaN	NaN	NaN	NaN	NaN	331	NaN	NaN	NaN	NaN	NaN	NaN
NaN	NaN	NaN	NaN	NaN	NaN	NaN	NaN	NaN	NaN	NaN	NaN	NaN	NaN	NaN	NaN	NaN	NaN	NaN	NaN	NaN	330	NaN	NaN	NaN	NaN	NaN	NaN
NaN	NaN	NaN	NaN	NaN	NaN	NaN	NaN	NaN	NaN	NaN	NaN	NaN	NaN	NaN	NaN	NaN	NaN	NaN	NaN	NaN	333	NaN	NaN	NaN	NaN	NaN	NaN
NaN	NaN	NaN	NaN	NaN	NaN	NaN	NaN	NaN	NaN	NaN	NaN	NaN	NaN	NaN	NaN	NaN	NaN	NaN	NaN	NaN	330	NaN	NaN	NaN	NaN	NaN	NaN
NaN	NaN	NaN	NaN	NaN	NaN	NaN	NaN	NaN	NaN	NaN	NaN	NaN	NaN	NaN	NaN	NaN	NaN	NaN	NaN	NaN	317	NaN	NaN	NaN	NaN	NaN	NaN
NaN	NaN	NaN	NaN	NaN	NaN	NaN	NaN	NaN	NaN	NaN	NaN	NaN	NaN	NaN	NaN	NaN	NaN	NaN	NaN	NaN	312	NaN	NaN	NaN	NaN	NaN	NaN
NaN	NaN	NaN	NaN	NaN	NaN	NaN	NaN	NaN	NaN	NaN	NaN	NaN	NaN	NaN	NaN	NaN	NaN	NaN	NaN	NaN	316	NaN	NaN	NaN	NaN	NaN	NaN
NaN	NaN	NaN	NaN	NaN	NaN	NaN	NaN	NaN	NaN	NaN	NaN	NaN	NaN	NaN	NaN	NaN	NaN	NaN	NaN	NaN	324	NaN	NaN	NaN	NaN	NaN	NaN
NaN	NaN	NaN	NaN	NaN	NaN	NaN	NaN	NaN	NaN	NaN	NaN	NaN	NaN	NaN	NaN	NaN	NaN	NaN	NaN	NaN	323	NaN	NaN	NaN	NaN	NaN	NaN
NaN	NaN	NaN	NaN	NaN	NaN	NaN	NaN	NaN	NaN	NaN	NaN	NaN	NaN	NaN	NaN	NaN	NaN	NaN	NaN	NaN	321	NaN	NaN	NaN	NaN	NaN	NaN
NaN	NaN	NaN	NaN	NaN	NaN	NaN	NaN	NaN	NaN	NaN	NaN	NaN	NaN	NaN	NaN	NaN	NaN	NaN	NaN	NaN	317	NaN	NaN	NaN	NaN	NaN	NaN
NaN	NaN	NaN	NaN	NaN	NaN	NaN	NaN	NaN	NaN	NaN	NaN	NaN	NaN	NaN	NaN	NaN	NaN	NaN	NaN	NaN	308	NaN	NaN	NaN	NaN	NaN	NaN
NaN	NaN	NaN	NaN	NaN	NaN	NaN	NaN	NaN	NaN	NaN	NaN	NaN	NaN	NaN	NaN	NaN	NaN	NaN	NaN	NaN	300	NaN	NaN	NaN	NaN	NaN	NaN
NaN	NaN	NaN	NaN	NaN	NaN	NaN	NaN	NaN	NaN	NaN	NaN	NaN	NaN	NaN	NaN	NaN	NaN	NaN	NaN	NaN	300	NaN	NaN	NaN	NaN	NaN	NaN
NaN	NaN	NaN	NaN	NaN	NaN	NaN	NaN	NaN	NaN	NaN	NaN	NaN	NaN	NaN	NaN	NaN	NaN	NaN	NaN	NaN	307	NaN	NaN	NaN	NaN	NaN	NaN
NaN	NaN	NaN	NaN	NaN	NaN	NaN	NaN	NaN	NaN	NaN	NaN	NaN	NaN	NaN	NaN	NaN	NaN	NaN	NaN	NaN	313	NaN	NaN	NaN	NaN	NaN	NaN
NaN	NaN	NaN	NaN	NaN	NaN	NaN	NaN	NaN	NaN	NaN	NaN	NaN	NaN	NaN	NaN	NaN	NaN	NaN	NaN	NaN	311	NaN	NaN	NaN	NaN	NaN	NaN
NaN	NaN	NaN	NaN	NaN	NaN	NaN	NaN	NaN	NaN	NaN	NaN	NaN	NaN	NaN	NaN	NaN	NaN	NaN	NaN	NaN	309	NaN	NaN	NaN	NaN	NaN	NaN
NaN	NaN	NaN	NaN	NaN	NaN	NaN	NaN	NaN	NaN	NaN	NaN	NaN	NaN	NaN	NaN	NaN	NaN	NaN	NaN	NaN	312	NaN	NaN	NaN	NaN	NaN	NaN
NaN	NaN	NaN	NaN	NaN	NaN	NaN	NaN	NaN	NaN	NaN	NaN	NaN	NaN	NaN	NaN	NaN	NaN	NaN	NaN	NaN	319	NaN	NaN	NaN	NaN	NaN	NaN
NaN	NaN	NaN	NaN	NaN	NaN	NaN	NaN	NaN	NaN	NaN	NaN	NaN	NaN	NaN	NaN	NaN	NaN	NaN	NaN	NaN	318	NaN	NaN	NaN	NaN	NaN	NaN
NaN	NaN	NaN	NaN	NaN	NaN	NaN	NaN	NaN	NaN	NaN	NaN	NaN	NaN	NaN	NaN	NaN	NaN	NaN	NaN	NaN	314	NaN	NaN	NaN	NaN	NaN	NaN
NaN	NaN	NaN	NaN	NaN	NaN	NaN	NaN	NaN	NaN	NaN	NaN	NaN	NaN	NaN	NaN	NaN	NaN	NaN	NaN	NaN	315	NaN	NaN	NaN	NaN	NaN	NaN
NaN	NaN	NaN	NaN	NaN	NaN	NaN	NaN	NaN	NaN	NaN	NaN	NaN	NaN	NaN	NaN	NaN	NaN	NaN	NaN	NaN	318	NaN	NaN	NaN	NaN	NaN	NaN
NaN	NaN	NaN	NaN	NaN	NaN	NaN	NaN	NaN	NaN	NaN	NaN	NaN	NaN	NaN	NaN	NaN	NaN	NaN	NaN	NaN	321	NaN	NaN	NaN	NaN	NaN	NaN
NaN	NaN	NaN	NaN	NaN	NaN	NaN	NaN	NaN	NaN	NaN	NaN	NaN	NaN	NaN	NaN	NaN	NaN	NaN	NaN	NaN	319	NaN	NaN	NaN	NaN	NaN	NaN
NaN	NaN	NaN	NaN	NaN	NaN	NaN	NaN	NaN	NaN	NaN	NaN	NaN	NaN	NaN	NaN	NaN	NaN	NaN	NaN	NaN	319	NaN	NaN	NaN	NaN	NaN	NaN
NaN	NaN	NaN	NaN	NaN	NaN	NaN	NaN	NaN	NaN	NaN	NaN	NaN	NaN	NaN	NaN	NaN	NaN	NaN	NaN	NaN	321	NaN	NaN	NaN	NaN	NaN	NaN
NaN	NaN	NaN	NaN	NaN	NaN	NaN	NaN	NaN	NaN	NaN	NaN	NaN	NaN	NaN	NaN	NaN	NaN	NaN	NaN	NaN	327	NaN	NaN	NaN	NaN	NaN	NaN
NaN	NaN	NaN	NaN	NaN	NaN	NaN	NaN	NaN	NaN	NaN	NaN	NaN	NaN	NaN	NaN	NaN	NaN	NaN	NaN	NaN	328	NaN	NaN	NaN	NaN	NaN	NaN
NaN	NaN	NaN	NaN	NaN	NaN	NaN	NaN	NaN	NaN	NaN	NaN	NaN	NaN	NaN	NaN	NaN	NaN	NaN	NaN	NaN	309	NaN	NaN	NaN	NaN	NaN	NaN
NaN	NaN	NaN	NaN	NaN	NaN	NaN	NaN	NaN	NaN	NaN	NaN	NaN	NaN	NaN	NaN	NaN	NaN	NaN	NaN	NaN	299	NaN	NaN	NaN	NaN	NaN	NaN
NaN	NaN	NaN	NaN	NaN	NaN	NaN	NaN	NaN	NaN	NaN	NaN	NaN	NaN	NaN	NaN	NaN	NaN	NaN	NaN	NaN	306	NaN	NaN	NaN	NaN	NaN	NaN
NaN	NaN	NaN	NaN	NaN	NaN	NaN	NaN	NaN	NaN	NaN	NaN	NaN	NaN	NaN	NaN	NaN	NaN	NaN	NaN	NaN	314	NaN	NaN	NaN	NaN	NaN	NaN
NaN	NaN	NaN	NaN	NaN	NaN	NaN	NaN	NaN	NaN	NaN	NaN	NaN	NaN	NaN	NaN	NaN	NaN	NaN	NaN	NaN	316	NaN	NaN	NaN	NaN	NaN	NaN
NaN	NaN	NaN	NaN	NaN	NaN	NaN	NaN	NaN	NaN	NaN	NaN	NaN	NaN	NaN	NaN	NaN	NaN	NaN	NaN	NaN	312	NaN	NaN	NaN	NaN	NaN	NaN
NaN	NaN	NaN	NaN	NaN	NaN	NaN	NaN	NaN	NaN	NaN	NaN	NaN	NaN	NaN	NaN	NaN	NaN	NaN	NaN	NaN	309	NaN	NaN	NaN	NaN	NaN	NaN
NaN	NaN	NaN	NaN	NaN	NaN	NaN	NaN	NaN	NaN	NaN	NaN	NaN	NaN	NaN	NaN	NaN	NaN	NaN	NaN	NaN	312	NaN	NaN	NaN	NaN	NaN	NaN
NaN	NaN	NaN	NaN	NaN	NaN	NaN	NaN	NaN	NaN	NaN	NaN	NaN	NaN	NaN	NaN	NaN	NaN	NaN	NaN	NaN	320	NaN	NaN	NaN	NaN	NaN	NaN
NaN	NaN	NaN	NaN	NaN	NaN	NaN	NaN	NaN	NaN	NaN	NaN	NaN	NaN	NaN	NaN	NaN	NaN	NaN	NaN	NaN	322	NaN	NaN	NaN	NaN	NaN	NaN
NaN	NaN	NaN	NaN	NaN	NaN	NaN	NaN	NaN	NaN	NaN	NaN	NaN	NaN	NaN	NaN	NaN	NaN	NaN	NaN	NaN	317	NaN	NaN	NaN	NaN	NaN	NaN
NaN	NaN	NaN	NaN	NaN	NaN	NaN	NaN	NaN	NaN	NaN	NaN	NaN	NaN	NaN	NaN	NaN	NaN	NaN	NaN	NaN	317	NaN	NaN	NaN	NaN	NaN	NaN
NaN	NaN	NaN	NaN	NaN	NaN	NaN	NaN	NaN	NaN	NaN	NaN	NaN	NaN	NaN	NaN	NaN	NaN	NaN	NaN	NaN	320	NaN	NaN	NaN	NaN	NaN	NaN
NaN	NaN	NaN	NaN	NaN	NaN	NaN	NaN	NaN	NaN	NaN	NaN	NaN	NaN	NaN	NaN	NaN	NaN	NaN	NaN	NaN	321	NaN	NaN	NaN	NaN	NaN	NaN
NaN	NaN	NaN	NaN	NaN	NaN	NaN	NaN	NaN	NaN	NaN	NaN	NaN	NaN	NaN	NaN	NaN	NaN	NaN	NaN	NaN	319	NaN	NaN	NaN	NaN	NaN	NaN
NaN	NaN	NaN	NaN	NaN	NaN	NaN	NaN	NaN	NaN	NaN	NaN	NaN	NaN	NaN	NaN	NaN	NaN	NaN	NaN	NaN	317	NaN	NaN	NaN	NaN	NaN	NaN
NaN	NaN	NaN	NaN	NaN	NaN	NaN	NaN	NaN	NaN	NaN	NaN	NaN	NaN	NaN	NaN	NaN	NaN	NaN	NaN	NaN	319	NaN	NaN	NaN	NaN	NaN	NaN
NaN	NaN	NaN	NaN	NaN	NaN	NaN	NaN	NaN	NaN	NaN	NaN	NaN	NaN	NaN	NaN	NaN	NaN	NaN	NaN	NaN	325	NaN	NaN	NaN	NaN	NaN	NaN
NaN	NaN	NaN	NaN	NaN	NaN	NaN	NaN	NaN	NaN	NaN	NaN	NaN	NaN	NaN	NaN	NaN	NaN	NaN	NaN	NaN	330	NaN	NaN	NaN	NaN	NaN	NaN
NaN	NaN	NaN	NaN	NaN	NaN	NaN	NaN	NaN	NaN	NaN	NaN	NaN	NaN	NaN	NaN	NaN	NaN	NaN	NaN	NaN	330	NaN	NaN	NaN	NaN	NaN	NaN
NaN	NaN	NaN	NaN	NaN	NaN	NaN	NaN	NaN	NaN	NaN	NaN	NaN	NaN	NaN	NaN	NaN	NaN	NaN	NaN	NaN	328	NaN	NaN	NaN	NaN	NaN	NaN
NaN	NaN	NaN	NaN	NaN	NaN	NaN	NaN	NaN	NaN	NaN	NaN	NaN	NaN	NaN	NaN	NaN	NaN	NaN	NaN	NaN	322	NaN	NaN	NaN	NaN	NaN	NaN
NaN	NaN	NaN	NaN	NaN	NaN	NaN	NaN	NaN	NaN	NaN	NaN	NaN	NaN	NaN	NaN	NaN	NaN	NaN	NaN	NaN	322	NaN	NaN	NaN	NaN	NaN	NaN
NaN	NaN	NaN	NaN	NaN	NaN	NaN	NaN	NaN	NaN	NaN	NaN	NaN	NaN	NaN	NaN	NaN	NaN	NaN	NaN	NaN	326	NaN	NaN	NaN	NaN	NaN	NaN
NaN	NaN	NaN	NaN	NaN	NaN	NaN	NaN	NaN	NaN	NaN	NaN	NaN	NaN	NaN	NaN	NaN	NaN	NaN	NaN	NaN	325	NaN	NaN	NaN	NaN	NaN	NaN
NaN	NaN	NaN	NaN	NaN	NaN	NaN	NaN	NaN	NaN	NaN	NaN	NaN	NaN	NaN	NaN	NaN	NaN	NaN	NaN	NaN	315	NaN	NaN	NaN	NaN	NaN	NaN
NaN	NaN	NaN	NaN	NaN	NaN	NaN	NaN	NaN	NaN	NaN	NaN	NaN	NaN	NaN	NaN	NaN	NaN	NaN	NaN	NaN	311	NaN	NaN	NaN	NaN	NaN	NaN
NaN	NaN	NaN	NaN	NaN	NaN	NaN	NaN	NaN	NaN	NaN	NaN	NaN	NaN	NaN	NaN	NaN	NaN	NaN	NaN	NaN	306	NaN	NaN	NaN	NaN	NaN	NaN
NaN	NaN	NaN	NaN	NaN	NaN	NaN	NaN	NaN	NaN	NaN	NaN	NaN	NaN	NaN	NaN	NaN	NaN	NaN	NaN	NaN	309	NaN	NaN	NaN	NaN	NaN	NaN
NaN	NaN	NaN	NaN	NaN	NaN	NaN	NaN	NaN	NaN	NaN	NaN	NaN	NaN	NaN	NaN	NaN	NaN	NaN	NaN	NaN	307	NaN	NaN	NaN	NaN	NaN	NaN
NaN	NaN	NaN	NaN	NaN	NaN	NaN	NaN	NaN	NaN	NaN	NaN	NaN	NaN	NaN	NaN	NaN	NaN	NaN	NaN	NaN	306	NaN	NaN	NaN	NaN	NaN	NaN
NaN	NaN	NaN	NaN	NaN	NaN	NaN	NaN	NaN	NaN	NaN	NaN	NaN	NaN	NaN	NaN	NaN	NaN	NaN	NaN	NaN	310	NaN	NaN	NaN	NaN	NaN	NaN
NaN	NaN	NaN	NaN	NaN	NaN	NaN	NaN	NaN	NaN	NaN	NaN	NaN	NaN	NaN	NaN	NaN	NaN	NaN	NaN	NaN	318	NaN	NaN	NaN	NaN	NaN	NaN
NaN	NaN	NaN	NaN	NaN	NaN	NaN	NaN	NaN	NaN	NaN	NaN	NaN	NaN	NaN	NaN	NaN	NaN	NaN	NaN	NaN	316	NaN	NaN	NaN	NaN	NaN	NaN
NaN	NaN	NaN	NaN	NaN	NaN	NaN	NaN	NaN	NaN	NaN	NaN	NaN	NaN	NaN	NaN	NaN	NaN	NaN	NaN	NaN	297	NaN	NaN	NaN	NaN	NaN	NaN
NaN	NaN	NaN	NaN	NaN	NaN	NaN	NaN	NaN	NaN	NaN	NaN	NaN	NaN	NaN	NaN	NaN	NaN	NaN	NaN	NaN	297	NaN	NaN	NaN	NaN	NaN	NaN
NaN	NaN	NaN	NaN	NaN	NaN	NaN	NaN	NaN	NaN	NaN	NaN	NaN	NaN	NaN	NaN	NaN	NaN	NaN	NaN	NaN	303	NaN	NaN	NaN	NaN	NaN	NaN
NaN	NaN	NaN	NaN	NaN	NaN	NaN	NaN	NaN	NaN	NaN	NaN	NaN	NaN	NaN	NaN	NaN	NaN	NaN	NaN	NaN	301	NaN	NaN	NaN	NaN	NaN	NaN
NaN	NaN	NaN	NaN	NaN	NaN	NaN	NaN	NaN	NaN	NaN	NaN	NaN	NaN	NaN	NaN	NaN	NaN	NaN	NaN	NaN	301	NaN	NaN	NaN	NaN	NaN	NaN
NaN	NaN	NaN	NaN	NaN	NaN	NaN	NaN	NaN	NaN	NaN	NaN	NaN	NaN	NaN	NaN	NaN	NaN	NaN	NaN	NaN	306	NaN	NaN	NaN	NaN	NaN	NaN
NaN	NaN	NaN	NaN	NaN	NaN	NaN	NaN	NaN	NaN	NaN	NaN	NaN	NaN	NaN	NaN	NaN	NaN	NaN	NaN	NaN	310	NaN	NaN	NaN	NaN	NaN	NaN
NaN	NaN	NaN	NaN	NaN	NaN	NaN	NaN	NaN	NaN	NaN	NaN	NaN	NaN	NaN	NaN	NaN	NaN	NaN	NaN	NaN	306	NaN	NaN	NaN	NaN	NaN	NaN
NaN	NaN	NaN	NaN	NaN	NaN	NaN	NaN	NaN	NaN	NaN	NaN	NaN	NaN	NaN	NaN	NaN	NaN	NaN	NaN	NaN	307	NaN	NaN	NaN	NaN	NaN	NaN
NaN	NaN	NaN	NaN	NaN	NaN	NaN	NaN	NaN	NaN	NaN	NaN	NaN	NaN	NaN	NaN	NaN	NaN	NaN	NaN	NaN	315	NaN	NaN	NaN	NaN	NaN	NaN
NaN	NaN	NaN	NaN	NaN	NaN	NaN	NaN	NaN	NaN	NaN	NaN	NaN	NaN	NaN	NaN	NaN	NaN	NaN	NaN	NaN	318	NaN	NaN	NaN	NaN	NaN	NaN
NaN	NaN	NaN	NaN	NaN	NaN	NaN	NaN	NaN	NaN	NaN	NaN	NaN	NaN	NaN	NaN	NaN	NaN	NaN	NaN	NaN	312	NaN	NaN	NaN	NaN	NaN	NaN
NaN	NaN	NaN	NaN	NaN	NaN	NaN	NaN	NaN	NaN	NaN	NaN	NaN	NaN	NaN	NaN	NaN	NaN	NaN	NaN	NaN	309	NaN	NaN	NaN	NaN	NaN	NaN
NaN	NaN	NaN	NaN	NaN	NaN	NaN	NaN	NaN	NaN	NaN	NaN	NaN	NaN	NaN	NaN	NaN	NaN	NaN	NaN	NaN	314	NaN	NaN	NaN	NaN	NaN	NaN